# 125 
# p    t 
0.3    4.104    
0.30999999999999994    4.344    
0.32000000000000023    4.728    
0.32999999999999896    4.984    
0.34000000000000075    5.392    
0.3500000000000008    5.608    
0.3599999999999996    5.928    
0.36999999999999944    6.416    
0.3800000000000006    6.904    
0.39000000000000046    7.368    
0.39999999999999913    7.96    
0.4099999999999988    8.36    
0.42000000000000115    8.8    
0.42999999999999977    10.224    
0.4399999999999994    11.224    
0.4500000000000009    12.28    
0.46000000000000074    13.488    
0.46999999999999925    14.68    
0.47999999999999876    16.648    
0.49000000000000055    19.056    
0.5000000000000001    21.184    
0.5099999999999993    23.488    
0.5200000000000014    26.528    
0.530000000000001    29.2    
0.5399999999999999    33.264    
0.5499999999999988    36.032    
0.560000000000001    39.336    
0.5699999999999995    41.256    
0.5799999999999995    42.44    
0.5900000000000019    40.064    
0.6000000000000001    36.4    
0.6099999999999995    32.384    
0.62    28.416    
0.6300000000000001    25.64    
0.6400000000000005    21.568    
0.6500000000000005    19.704    
0.6600000000000007    17.624    
0.6700000000000014    15.952    
0.6800000000000016    14.336    
0.689999999999999    13.376    
0.7000000000000018    12.344    
0.7099999999999989    11.496    
0.7199999999999992    10.656    
0.7300000000000028    9.592    
0.7399999999999995    8.984    
0.7500000000000001    8.44    
0.7600000000000012    7.88    
0.7699999999999997    7.32    
0.780000000000001    6.856    
0.7900000000000019    6.4    
0.7999999999999983    6.08    
0.8100000000000019    5.824    
0.820000000000003    5.36    
0.8299999999999992    4.928    
0.8400000000000024    4.632    
0.8499999999999985    4.224    
0.8599999999999997    4.064    
0.8700000000000013    3.808    
0.8799999999999988    3.584    
0.8900000000000006    3.368    
0.9000000000000024    3.272    
0.9099999999999997    3.12    
