# 124 
# p    t 
0.30000000000000004    5.524193548387097    
0.30999999999999994    5.887096774193548    
0.32000000000000023    6.330645161290323    
0.32999999999999896    6.67741935483871    
0.3400000000000007    7.048387096774194    
0.3500000000000008    7.524193548387097    
0.3599999999999996    8.21774193548387    
0.36999999999999944    8.588709677419354    
0.3800000000000006    9.153225806451612    
0.39000000000000046    9.975806451612904    
0.39999999999999913    10.790322580645162    
0.4099999999999988    11.85483870967742    
0.42000000000000115    13.024193548387096    
0.42999999999999977    14.016129032258064    
0.4399999999999994    15.290322580645162    
0.4500000000000009    16.967741935483872    
0.46000000000000074    19.64516129032258    
0.46999999999999925    21.596774193548388    
0.47999999999999876    23.68548387096774    
0.49000000000000055    26.258064516129032    
0.5000000000000001    29.379032258064516    
0.5099999999999993    33.596774193548384    
0.5200000000000015    39.24193548387097    
0.530000000000001    46.16129032258065    
0.5399999999999998    55.75806451612903    
0.5499999999999988    67.62903225806451    
0.560000000000001    85.04032258064517    
0.5699999999999996    99.7741935483871    
0.5799999999999995    123.40322580645162    
0.5900000000000019    137.03225806451613    
0.6000000000000002    118.44354838709677    
0.6099999999999995    90.80645161290323    
0.62    72.51612903225806    
0.6300000000000001    58.766129032258064    
0.6400000000000005    48.29032258064516    
0.6500000000000005    39.95967741935484    
0.6600000000000007    35.306451612903224    
0.6700000000000014    30.508064516129032    
0.6800000000000016    26.217741935483872    
0.689999999999999    23.120967741935484    
0.7000000000000018    20.612903225806452    
0.7099999999999989    18.201612903225808    
0.7199999999999992    16.975806451612904    
0.7300000000000028    15.193548387096774    
0.7399999999999995    13.701612903225806    
0.7500000000000001    12.612903225806452    
0.7600000000000012    11.798387096774194    
0.7699999999999997    10.78225806451613    
0.780000000000001    10.056451612903226    
0.7900000000000019    9.185483870967742    
0.7999999999999983    8.637096774193548    
0.8100000000000019    7.935483870967742    
0.820000000000003    7.516129032258065    
0.8299999999999992    6.975806451612903    
0.8400000000000024    6.653225806451613    
0.8499999999999985    6.064516129032258    
0.8599999999999997    5.701612903225806    
0.8700000000000013    5.266129032258065    
0.8799999999999988    4.798387096774194    
0.8900000000000006    4.5    
0.9000000000000024    4.274193548387097    
0.9099999999999997    4.032258064516129    
