# caminhante aleatório em matriz 20x20 
# tempo  x   y   sítio 
0    12    12    252 
1    12    11    232 
2    12    12    252 
3    13    12    253 
4    14    12    254 
5    13    12    253 
6    12    12    252 
7    11    12    251 
8    11    13    271 
9    11    14    291 
10    10    14    290 
11    10    15    310 
12    10    16    330 
13    10    15    310 
14    10    16    330 
15    9    16    329 
16    10    16    330 
17    11    16    331 
18    11    15    311 
19    12    15    312 
20    12    16    332 
21    13    16    333 
22    12    16    332 
23    13    16    333 
24    13    17    353 
25    14    17    354 
26    14    16    334 
27    14    15    314 
28    14    14    294 
29    14    13    274 
30    13    13    273 
31    14    13    274 
32    15    13    275 
33    15    12    255 
34    15    13    275 
35    16    13    276 
36    17    13    277 
37    17    12    257 
38    16    12    256 
39    16    11    236 
40    17    11    237 
41    18    11    238 
42    19    11    239 
43    19    10    219 
44    19    11    239 
45    19    12    259 
46    0    12    240 
47    0    13    260 
48    0    12    240 
49    0    13    260 
50    19    13    279 
51    18    13    278 
52    19    13    279 
53    0    13    260 
54    0    14    280 
55    19    14    299 
56    18    14    298 
57    19    14    299 
58    18    14    298 
59    19    14    299 
60    19    15    319 
61    19    14    299 
62    19    15    319 
63    0    15    300 
64    0    16    320 
65    19    16    339 
66    18    16    338 
67    17    16    337 
68    17    17    357 
69    17    18    377 
70    17    19    397 
71    16    19    396 
72    16    18    376 
73    17    18    377 
74    16    18    376 
75    17    18    377 
76    18    18    378 
77    18    17    358 
78    17    17    357 
79    16    17    356 
80    15    17    355 
81    14    17    354 
82    14    16    334 
83    14    15    314 
84    14    16    334 
85    13    16    333 
86    14    16    334 
87    13    16    333 
88    14    16    334 
89    14    15    314 
90    15    15    315 
91    15    16    335 
92    15    15    315 
93    15    16    335 
94    14    16    334 
95    14    17    354 
96    13    17    353 
97    13    16    333 
98    13    17    353 
99    14    17    354 
100    13    17    353 
101    14    17    354 
102    14    16    334 
103    14    17    354 
104    14    18    374 
105    14    17    354 
106    13    17    353 
107    14    17    354 
108    14    18    374 
109    14    17    354 
110    15    17    355 
111    14    17    354 
112    13    17    353 
113    13    16    333 
114    12    16    332 
115    11    16    331 
116    11    15    311 
117    12    15    312 
118    13    15    313 
119    12    15    312 
120    12    16    332 
121    11    16    331 
122    10    16    330 
123    10    15    310 
124    9    15    309 
125    9    16    329 
126    8    16    328 
127    8    17    348 
128    8    16    328 
129    8    15    308 
130    8    14    288 
131    8    15    308 
132    8    16    328 
133    7    16    327 
134    6    16    326 
135    6    17    346 
136    5    17    345 
137    4    17    344 
138    3    17    343 
139    3    16    323 
140    4    16    324 
141    3    16    323 
142    3    15    303 
143    4    15    304 
144    3    15    303 
145    3    14    283 
146    4    14    284 
147    4    13    264 
148    5    13    265 
149    5    12    245 
150    6    12    246 
151    7    12    247 
152    8    12    248 
153    8    11    228 
154    8    12    248 
155    7    12    247 
156    8    12    248 
157    8    11    228 
158    8    12    248 
159    8    13    268 
160    9    13    269 
161    9    12    249 
162    9    11    229 
163    9    10    209 
164    10    10    210 
165    11    10    211 
166    10    10    210 
167    10    9    190 
168    10    10    210 
169    9    10    209 
170    10    10    210 
171    10    9    190 
172    9    9    189 
173    8    9    188 
174    9    9    189 
175    10    9    190 
176    9    9    189 
177    9    8    169 
178    10    8    170 
179    11    8    171 
180    10    8    170 
181    10    9    190 
182    11    9    191 
183    10    9    190 
184    10    8    170 
185    9    8    169 
186    9    7    149 
187    9    8    169 
188    9    9    189 
189    10    9    190 
190    11    9    191 
191    10    9    190 
192    11    9    191 
193    12    9    192 
194    11    9    191 
195    11    8    171 
196    12    8    172 
197    12    7    152 
198    12    6    132 
199    12    7    152 
200    12    6    132 
201    12    5    112 
202    11    5    111 
203    11    6    131 
204    12    6    132 
205    12    5    112 
206    11    5    111 
207    10    5    110 
208    9    5    109 
209    9    4    89 
210    10    4    90 
211    10    5    110 
212    9    5    109 
213    10    5    110 
214    9    5    109 
215    8    5    108 
216    8    4    88 
217    7    4    87 
218    6    4    86 
219    6    5    106 
220    5    5    105 
221    5    6    125 
222    4    6    124 
223    4    5    104 
224    5    5    105 
225    5    4    85 
226    5    5    105 
227    6    5    106 
228    5    5    105 
229    5    6    125 
230    5    7    145 
231    6    7    146 
232    6    6    126 
233    5    6    125 
234    6    6    126 
235    5    6    125 
236    4    6    124 
237    3    6    123 
238    3    7    143 
239    2    7    142 
240    2    6    122 
241    3    6    123 
242    3    7    143 
243    3    8    163 
244    3    7    143 
245    2    7    142 
246    2    6    122 
247    3    6    123 
248    2    6    122 
249    2    7    142 
250    2    6    122 
251    2    7    142 
252    2    6    122 
253    1    6    121 
254    0    6    120 
255    1    6    121 
256    0    6    120 
257    0    5    100 
258    0    6    120 
259    1    6    121 
260    1    5    101 
261    1    6    121 
262    1    5    101 
263    1    6    121 
264    2    6    122 
265    3    6    123 
266    3    7    143 
267    3    6    123 
268    2    6    122 
269    2    5    102 
270    2    6    122 
271    3    6    123 
272    3    5    103 
273    3    6    123 
274    4    6    124 
275    3    6    123 
276    2    6    122 
277    1    6    121 
278    1    7    141 
279    1    8    161 
280    1    9    181 
281    1    8    161 
282    2    8    162 
283    2    7    142 
284    1    7    141 
285    1    8    161 
286    2    8    162 
287    2    7    142 
288    3    7    143 
289    3    8    163 
290    4    8    164 
291    3    8    163 
292    4    8    164 
293    4    9    184 
294    4    10    204 
295    3    10    203 
296    4    10    204 
297    3    10    203 
298    4    10    204 
299    5    10    205 
300    4    10    204 
301    5    10    205 
302    5    9    185 
303    5    10    205 
304    5    9    185 
305    5    8    165 
306    4    8    164 
307    5    8    165 
308    5    7    145 
309    6    7    146 
310    7    7    147 
311    6    7    146 
312    6    8    166 
313    5    8    165 
314    5    7    145 
315    5    6    125 
316    5    5    105 
317    6    5    106 
318    6    4    86 
319    6    3    66 
320    6    4    86 
321    5    4    85 
322    5    5    105 
323    5    6    125 
324    4    6    124 
325    4    5    104 
326    4    6    124 
327    4    5    104 
328    4    4    84 
329    5    4    85 
330    6    4    86 
331    5    4    85 
332    6    4    86 
333    7    4    87 
334    7    5    107 
335    8    5    108 
336    8    4    88 
337    8    5    108 
338    8    6    128 
339    8    5    108 
340    7    5    107 
341    7    6    127 
342    6    6    126 
343    6    7    146 
344    6    6    126 
345    7    6    127 
346    8    6    128 
347    8    5    108 
348    9    5    109 
349    8    5    108 
350    8    4    88 
351    8    3    68 
352    8    2    48 
353    8    3    68 
354    9    3    69 
355    9    2    49 
356    9    3    69 
357    8    3    68 
358    8    2    48 
359    8    1    28 
360    8    0    8 
361    9    0    9 
362    9    19    389 
363    9    0    9 
364    10    0    10 
365    10    1    30 
366    10    2    50 
367    10    3    70 
368    11    3    71 
369    11    4    91 
370    11    5    111 
371    10    5    110 
372    11    5    111 
373    12    5    112 
374    12    4    92 
375    13    4    93 
376    12    4    92 
377    13    4    93 
378    12    4    92 
379    11    4    91 
380    12    4    92 
381    12    3    72 
382    13    3    73 
383    13    4    93 
384    14    4    94 
385    15    4    95 
386    16    4    96 
387    17    4    97 
388    16    4    96 
389    17    4    97 
390    17    5    117 
391    18    5    118 
392    19    5    119 
393    0    5    100 
394    19    5    119 
395    19    6    139 
396    18    6    138 
397    17    6    137 
398    17    5    117 
399    16    5    116 
400    16    6    136 
401    17    6    137 
402    18    6    138 
403    18    7    158 
404    17    7    157 
405    17    8    177 
406    16    8    176 
407    15    8    175 
408    15    9    195 
409    16    9    196 
410    16    8    176 
411    15    8    175 
412    15    7    155 
413    16    7    156 
414    16    8    176 
415    16    9    196 
416    16    8    176 
417    17    8    177 
418    17    7    157 
419    16    7    156 
420    16    8    176 
421    16    9    196 
422    17    9    197 
423    16    9    196 
424    17    9    197 
425    16    9    196 
426    15    9    195 
427    14    9    194 
428    14    10    214 
429    14    11    234 
430    13    11    233 
431    12    11    232 
432    13    11    233 
433    14    11    234 
434    13    11    233 
435    12    11    232 
436    12    10    212 
437    12    9    192 
438    13    9    193 
439    13    8    173 
440    13    9    193 
441    13    10    213 
442    13    11    233 
443    12    11    232 
444    13    11    233 
445    13    10    213 
446    12    10    212 
447    12    9    192 
448    12    8    172 
449    12    9    192 
450    13    9    193 
451    12    9    192 
452    13    9    193 
453    13    10    213 
454    14    10    214 
455    15    10    215 
456    16    10    216 
457    16    9    196 
458    16    10    216 
459    15    10    215 
460    14    10    214 
461    14    11    234 
462    14    12    254 
463    14    13    274 
464    14    12    254 
465    14    11    234 
466    14    12    254 
467    13    12    253 
468    13    11    233 
469    13    12    253 
470    13    13    273 
471    14    13    274 
472    13    13    273 
473    14    13    274 
474    15    13    275 
475    14    13    274 
476    14    14    294 
477    13    14    293 
478    14    14    294 
479    14    13    274 
480    15    13    275 
481    15    14    295 
482    15    13    275 
483    16    13    276 
484    17    13    277 
485    16    13    276 
486    16    12    256 
487    16    13    276 
488    17    13    277 
489    17    14    297 
490    16    14    296 
491    15    14    295 
492    16    14    296 
493    15    14    295 
494    15    15    315 
495    16    15    316 
496    17    15    317 
497    17    16    337 
498    17    17    357 
499    17    18    377 
500    18    18    378 
501    17    18    377 
502    16    18    376 
503    16    19    396 
504    16    0    16 
505    16    19    396 
506    17    19    397 
507    17    18    377 
508    17    19    397 
509    17    18    377 
510    17    17    357 
511    17    16    337 
512    17    17    357 
513    17    16    337 
514    16    16    336 
515    17    16    337 
516    17    17    357 
517    16    17    356 
518    16    16    336 
519    15    16    335 
520    14    16    334 
521    13    16    333 
522    12    16    332 
523    12    17    352 
524    12    16    332 
525    12    15    312 
526    12    16    332 
527    11    16    331 
528    11    17    351 
529    11    16    331 
530    11    17    351 
531    10    17    350 
532    11    17    351 
533    12    17    352 
534    12    18    372 
535    13    18    373 
536    13    19    393 
537    13    0    13 
538    12    0    12 
539    11    0    11 
540    11    19    391 
541    10    19    390 
542    11    19    391 
543    10    19    390 
544    10    0    10 
545    10    19    390 
546    10    0    10 
547    9    0    9 
548    8    0    8 
549    7    0    7 
550    7    19    387 
551    6    19    386 
552    6    0    6 
553    6    19    386 
554    7    19    387 
555    8    19    388 
556    8    18    368 
557    9    18    369 
558    9    17    349 
559    9    18    369 
560    8    18    368 
561    8    17    348 
562    8    16    328 
563    7    16    327 
564    8    16    328 
565    8    15    308 
566    9    15    309 
567    9    14    289 
568    9    15    309 
569    10    15    310 
570    9    15    309 
571    9    16    329 
572    9    15    309 
573    9    16    329 
574    10    16    330 
575    10    17    350 
576    9    17    349 
577    9    18    369 
578    10    18    370 
579    11    18    371 
580    12    18    372 
581    13    18    373 
582    12    18    372 
583    12    17    352 
584    12    18    372 
585    12    17    352 
586    11    17    351 
587    10    17    350 
588    10    18    370 
589    10    19    390 
590    9    19    389 
591    9    18    369 
592    9    19    389 
593    8    19    388 
594    9    19    389 
595    9    0    9 
596    10    0    10 
597    10    19    390 
598    10    0    10 
599    11    0    11 
600    12    0    12 
601    11    0    11 
602    11    19    391 
603    12    19    392 
604    12    0    12 
605    13    0    13 
606    13    19    393 
607    12    19    392 
608    12    0    12 
609    12    1    32 
610    11    1    31 
611    11    0    11 
612    11    19    391 
613    11    0    11 
614    12    0    12 
615    13    0    13 
616    13    19    393 
617    13    0    13 
618    14    0    14 
619    14    19    394 
620    13    19    393 
621    12    19    392 
622    11    19    391 
623    11    18    371 
624    11    19    391 
625    11    18    371 
626    11    17    351 
627    11    18    371 
628    12    18    372 
629    11    18    371 
630    11    19    391 
631    11    18    371 
632    12    18    372 
633    13    18    373 
634    12    18    372 
635    11    18    371 
636    11    17    351 
637    11    16    331 
638    10    16    330 
639    11    16    331 
640    10    16    330 
641    11    16    331 
642    10    16    330 
643    10    17    350 
644    11    17    351 
645    12    17    352 
646    13    17    353 
647    12    17    352 
648    11    17    351 
649    10    17    350 
650    10    16    330 
651    11    16    331 
652    12    16    332 
653    12    15    312 
654    11    15    311 
655    11    14    291 
656    12    14    292 
657    11    14    291 
658    11    15    311 
659    11    16    331 
660    12    16    332 
661    13    16    333 
662    14    16    334 
663    14    17    354 
664    13    17    353 
665    13    16    333 
666    14    16    334 
667    14    17    354 
668    14    16    334 
669    14    15    314 
670    13    15    313 
671    14    15    314 
672    15    15    315 
673    14    15    314 
674    13    15    313 
675    14    15    314 
676    13    15    313 
677    13    16    333 
678    12    16    332 
679    12    17    352 
680    13    17    353 
681    13    16    333 
682    13    15    313 
683    13    16    333 
684    12    16    332 
685    13    16    333 
686    14    16    334 
687    14    17    354 
688    13    17    353 
689    13    18    373 
690    14    18    374 
691    14    19    394 
692    14    18    374 
693    14    19    394 
694    13    19    393 
695    13    0    13 
696    13    1    33 
697    14    1    34 
698    14    2    54 
699    15    2    55 
700    16    2    56 
701    16    3    76 
702    15    3    75 
703    14    3    74 
704    15    3    75 
705    15    4    95 
706    15    3    75 
707    15    2    55 
708    14    2    54 
709    14    1    34 
710    14    0    14 
711    14    19    394 
712    15    19    395 
713    15    0    15 
714    15    1    35 
715    14    1    34 
716    14    2    54 
717    14    3    74 
718    15    3    75 
719    15    4    95 
720    15    3    75 
721    15    2    55 
722    16    2    56 
723    15    2    55 
724    14    2    54 
725    13    2    53 
726    14    2    54 
727    14    3    74 
728    14    2    54 
729    14    3    74 
730    14    4    94 
731    14    5    114 
732    14    6    134 
733    14    7    154 
734    13    7    153 
735    13    8    173 
736    14    8    174 
737    14    9    194 
738    13    9    193 
739    13    8    173 
740    14    8    174 
741    13    8    173 
742    13    9    193 
743    12    9    192 
744    12    8    172 
745    12    7    152 
746    12    8    172 
747    13    8    173 
748    12    8    172 
749    12    9    192 
750    11    9    191 
751    10    9    190 
752    10    8    170 
753    9    8    169 
754    10    8    170 
755    10    9    190 
756    10    8    170 
757    11    8    171 
758    11    7    151 
759    10    7    150 
760    10    6    130 
761    11    6    131 
762    11    5    111 
763    11    4    91 
764    11    5    111 
765    10    5    110 
766    9    5    109 
767    9    4    89 
768    9    5    109 
769    9    6    129 
770    10    6    130 
771    11    6    131 
772    11    5    111 
773    12    5    112 
774    11    5    111 
775    10    5    110 
776    10    4    90 
777    10    5    110 
778    10    4    90 
779    10    3    70 
780    11    3    71 
781    11    2    51 
782    12    2    52 
783    12    3    72 
784    11    3    71 
785    12    3    72 
786    12    4    92 
787    12    5    112 
788    11    5    111 
789    10    5    110 
790    10    6    130 
791    9    6    129 
792    10    6    130 
793    10    7    150 
794    11    7    151 
795    10    7    150 
796    9    7    149 
797    9    6    129 
798    10    6    130 
799    9    6    129 
800    9    7    149 
801    9    8    169 
802    9    9    189 
803    9    8    169 
804    9    7    149 
805    9    6    129 
806    9    7    149 
807    10    7    150 
808    11    7    151 
809    10    7    150 
810    11    7    151 
811    11    8    171 
812    11    7    151 
813    10    7    150 
814    11    7    151 
815    10    7    150 
816    11    7    151 
817    10    7    150 
818    10    6    130 
819    10    5    110 
820    10    4    90 
821    9    4    89 
822    9    5    109 
823    9    4    89 
824    9    3    69 
825    8    3    68 
826    8    2    48 
827    8    3    68 
828    8    4    88 
829    9    4    89 
830    9    5    109 
831    8    5    108 
832    8    4    88 
833    8    5    108 
834    9    5    109 
835    8    5    108 
836    9    5    109 
837    9    6    129 
838    9    7    149 
839    10    7    150 
840    10    8    170 
841    10    7    150 
842    10    6    130 
843    9    6    129 
844    9    7    149 
845    10    7    150 
846    9    7    149 
847    9    6    129 
848    8    6    128 
849    7    6    127 
850    8    6    128 
851    9    6    129 
852    9    5    109 
853    9    6    129 
854    9    5    109 
855    9    6    129 
856    9    5    109 
857    9    4    89 
858    10    4    90 
859    10    5    110 
860    11    5    111 
861    10    5    110 
862    10    4    90 
863    10    5    110 
864    11    5    111 
865    11    4    91 
866    10    4    90 
867    10    3    70 
868    10    2    50 
869    11    2    51 
870    11    1    31 
871    11    0    11 
872    12    0    12 
873    12    19    392 
874    12    18    372 
875    12    17    352 
876    13    17    353 
877    13    18    373 
878    13    17    353 
879    13    18    373 
880    14    18    374 
881    15    18    375 
882    15    19    395 
883    16    19    396 
884    17    19    397 
885    17    0    17 
886    17    19    397 
887    16    19    396 
888    16    18    376 
889    16    17    356 
890    16    18    376 
891    16    19    396 
892    15    19    395 
893    15    0    15 
894    16    0    16 
895    16    19    396 
896    16    0    16 
897    15    0    15 
898    16    0    16 
899    15    0    15 
900    16    0    16 
901    16    19    396 
902    17    19    397 
903    18    19    398 
904    17    19    397 
905    18    19    398 
906    18    0    18 
907    18    19    398 
908    17    19    397 
909    16    19    396 
910    16    18    376 
911    15    18    375 
912    15    19    395 
913    15    0    15 
914    15    19    395 
915    15    0    15 
916    15    19    395 
917    14    19    394 
918    15    19    395 
919    16    19    396 
920    16    18    376 
921    16    19    396 
922    17    19    397 
923    17    18    377 
924    18    18    378 
925    18    19    398 
926    18    0    18 
927    19    0    19 
928    19    1    39 
929    19    0    19 
930    18    0    18 
931    19    0    19 
932    19    1    39 
933    19    2    59 
934    18    2    58 
935    19    2    59 
936    18    2    58 
937    18    1    38 
938    19    1    39 
939    19    0    19 
940    19    19    399 
941    19    18    379 
942    18    18    378 
943    19    18    379 
944    0    18    360 
945    0    19    380 
946    0    18    360 
947    19    18    379 
948    19    17    359 
949    18    17    358 
950    17    17    357 
951    16    17    356 
952    15    17    355 
953    15    16    335 
954    15    17    355 
955    15    16    335 
956    16    16    336 
957    17    16    337 
958    17    17    357 
959    17    16    337 
960    17    17    357 
961    16    17    356 
962    15    17    355 
963    16    17    356 
964    16    16    336 
965    15    16    335 
966    15    17    355 
967    14    17    354 
968    15    17    355 
969    15    16    335 
970    15    17    355 
971    15    16    335 
972    15    17    355 
973    15    16    335 
974    14    16    334 
975    14    15    314 
976    13    15    313 
977    14    15    314 
978    15    15    315 
979    14    15    314 
980    15    15    315 
981    14    15    314 
982    14    16    334 
983    14    15    314 
984    14    14    294 
985    15    14    295 
986    15    15    315 
987    15    16    335 
988    14    16    334 
989    15    16    335 
990    16    16    336 
991    16    15    316 
992    16    14    296 
993    17    14    297 
994    17    13    277 
995    16    13    276 
996    15    13    275 
997    15    14    295 
998    16    14    296 
999    17    14    297 
