# caminhante aleatório em matriz 20x20 
# tempo  x   y   sítio 
0    7    7    147 
1    7    6    127 
2    7    5    107 
3    7    6    127 
4    7    5    107 
5    6    5    106 
6    6    4    86 
7    6    3    66 
8    7    3    67 
9    6    3    66 
10    7    3    67 
11    8    3    68 
12    8    2    48 
13    9    2    49 
14    9    3    69 
15    10    3    70 
16    9    3    69 
17    8    3    68 
18    7    3    67 
19    7    4    87 
20    8    4    88 
21    8    5    108 
22    8    4    88 
23    8    5    108 
24    8    6    128 
25    8    7    148 
26    9    7    149 
27    10    7    150 
28    10    8    170 
29    9    8    169 
30    8    8    168 
31    7    8    167 
32    8    8    168 
33    8    9    188 
34    9    9    189 
35    8    9    188 
36    8    8    168 
37    7    8    167 
38    8    8    168 
39    9    8    169 
40    8    8    168 
41    8    7    148 
42    9    7    149 
43    9    8    169 
44    9    7    149 
45    9    6    129 
46    9    7    149 
47    8    7    148 
48    8    8    168 
49    8    7    148 
50    8    6    128 
51    8    7    148 
52    8    6    128 
53    9    6    129 
54    9    7    149 
55    9    8    169 
56    8    8    168 
57    7    8    167 
58    8    8    168 
59    8    9    188 
60    8    10    208 
61    8    11    228 
62    8    10    208 
63    7    10    207 
64    7    11    227 
65    6    11    226 
66    5    11    225 
67    5    12    245 
68    5    13    265 
69    5    14    285 
70    4    14    284 
71    5    14    285 
72    5    15    305 
73    5    16    325 
74    6    16    326 
75    6    15    306 
76    7    15    307 
77    7    14    287 
78    8    14    288 
79    8    13    268 
80    7    13    267 
81    7    12    247 
82    7    11    227 
83    8    11    228 
84    8    10    208 
85    8    9    188 
86    8    10    208 
87    7    10    207 
88    6    10    206 
89    5    10    205 
90    5    9    185 
91    5    10    205 
92    5    9    185 
93    5    10    205 
94    5    9    185 
95    5    8    165 
96    5    7    145 
97    6    7    146 
98    7    7    147 
99    8    7    148 
100    8    8    168 
101    8    7    148 
102    7    7    147 
103    7    6    127 
104    7    7    147 
105    7    8    167 
106    6    8    166 
107    7    8    167 
108    6    8    166 
109    7    8    167 
110    6    8    166 
111    5    8    165 
112    5    9    185 
113    6    9    186 
114    6    8    166 
115    6    7    146 
116    7    7    147 
117    7    8    167 
118    7    9    187 
119    7    8    167 
120    7    9    187 
121    8    9    188 
122    8    8    168 
123    9    8    169 
124    9    9    189 
125    9    10    209 
126    9    9    189 
127    8    9    188 
128    7    9    187 
129    7    8    167 
130    7    9    187 
131    7    10    207 
132    7    9    187 
133    6    9    186 
134    6    8    166 
135    7    8    167 
136    7    9    187 
137    6    9    186 
138    6    8    166 
139    5    8    165 
140    6    8    166 
141    5    8    165 
142    6    8    166 
143    6    9    186 
144    5    9    185 
145    4    9    184 
146    4    10    204 
147    4    9    184 
148    4    10    204 
149    3    10    203 
150    3    9    183 
151    4    9    184 
152    5    9    185 
153    4    9    184 
154    3    9    183 
155    4    9    184 
156    4    10    204 
157    3    10    203 
158    2    10    202 
159    1    10    201 
160    1    9    181 
161    2    9    182 
162    1    9    181 
163    0    9    180 
164    1    9    181 
165    2    9    182 
166    1    9    181 
167    1    8    161 
168    0    8    160 
169    0    9    180 
170    0    8    160 
171    0    9    180 
172    0    10    200 
173    0    9    180 
174    0    8    160 
175    1    8    161 
176    2    8    162 
177    1    8    161 
178    2    8    162 
179    3    8    163 
180    3    9    183 
181    3    10    203 
182    3    9    183 
183    2    9    182 
184    2    8    162 
185    3    8    163 
186    3    9    183 
187    3    10    203 
188    2    10    202 
189    1    10    201 
190    1    11    221 
191    1    10    201 
192    0    10    200 
193    1    10    201 
194    2    10    202 
195    2    11    222 
196    1    11    221 
197    1    12    241 
198    2    12    242 
199    1    12    241 
200    0    12    240 
201    1    12    241 
202    0    12    240 
203    19    12    259 
204    18    12    258 
205    18    13    278 
206    18    12    258 
207    19    12    259 
208    19    13    279 
209    0    13    260 
210    0    12    240 
211    19    12    259 
212    0    12    240 
213    19    12    259 
214    19    11    239 
215    19    10    219 
216    19    11    239 
217    19    12    259 
218    19    11    239 
219    18    11    238 
220    18    12    258 
221    17    12    257 
222    17    13    277 
223    16    13    276 
224    16    12    256 
225    15    12    255 
226    16    12    256 
227    17    12    257 
228    17    13    277 
229    17    12    257 
230    18    12    258 
231    19    12    259 
232    0    12    240 
233    19    12    259 
234    18    12    258 
235    17    12    257 
236    16    12    256 
237    16    11    236 
238    17    11    237 
239    17    10    217 
240    17    11    237 
241    18    11    238 
242    18    10    218 
243    18    9    198 
244    18    10    218 
245    17    10    217 
246    16    10    216 
247    16    11    236 
248    16    10    216 
249    15    10    215 
250    14    10    214 
251    13    10    213 
252    13    9    193 
253    13    8    173 
254    14    8    174 
255    13    8    173 
256    13    7    153 
257    13    6    133 
258    13    5    113 
259    12    5    112 
260    11    5    111 
261    12    5    112 
262    12    4    92 
263    11    4    91 
264    10    4    90 
265    10    5    110 
266    9    5    109 
267    10    5    110 
268    11    5    111 
269    12    5    112 
270    13    5    113 
271    13    6    133 
272    13    5    113 
273    13    4    93 
274    14    4    94 
275    14    5    114 
276    14    6    134 
277    13    6    133 
278    12    6    132 
279    13    6    133 
280    12    6    132 
281    12    7    152 
282    12    6    132 
283    12    5    112 
284    12    4    92 
285    12    5    112 
286    12    6    132 
287    13    6    133 
288    12    6    132 
289    13    6    133 
290    12    6    132 
291    12    7    152 
292    13    7    153 
293    13    6    133 
294    13    5    113 
295    13    4    93 
296    14    4    94 
297    13    4    93 
298    14    4    94 
299    14    5    114 
300    13    5    113 
301    14    5    114 
302    13    5    113 
303    13    4    93 
304    14    4    94 
305    14    5    114 
306    13    5    113 
307    13    6    133 
308    12    6    132 
309    12    5    112 
310    13    5    113 
311    13    4    93 
312    13    5    113 
313    12    5    112 
314    12    4    92 
315    11    4    91 
316    12    4    92 
317    12    3    72 
318    13    3    73 
319    13    2    53 
320    13    3    73 
321    14    3    74 
322    14    4    94 
323    15    4    95 
324    15    5    115 
325    14    5    114 
326    14    4    94 
327    14    3    74 
328    15    3    75 
329    15    2    55 
330    16    2    56 
331    17    2    57 
332    17    3    77 
333    17    4    97 
334    17    3    77 
335    18    3    78 
336    17    3    77 
337    17    2    57 
338    18    2    58 
339    18    1    38 
340    18    2    58 
341    18    1    38 
342    19    1    39 
343    18    1    38 
344    19    1    39 
345    19    0    19 
346    18    0    18 
347    18    19    398 
348    17    19    397 
349    17    0    17 
350    17    1    37 
351    18    1    38 
352    19    1    39 
353    18    1    38 
354    18    0    18 
355    18    19    398 
356    17    19    397 
357    17    18    377 
358    17    17    357 
359    18    17    358 
360    19    17    359 
361    19    18    379 
362    0    18    360 
363    1    18    361 
364    1    17    341 
365    1    16    321 
366    1    15    301 
367    0    15    300 
368    19    15    319 
369    18    15    318 
370    17    15    317 
371    17    16    337 
372    17    15    317 
373    17    14    297 
374    17    15    317 
375    17    14    297 
376    17    15    317 
377    17    16    337 
378    16    16    336 
379    16    17    356 
380    17    17    357 
381    17    18    377 
382    17    19    397 
383    16    19    396 
384    15    19    395 
385    14    19    394 
386    13    19    393 
387    13    0    13 
388    14    0    14 
389    13    0    13 
390    14    0    14 
391    14    1    34 
392    14    0    14 
393    14    1    34 
394    13    1    33 
395    13    2    53 
396    13    1    33 
397    13    0    13 
398    14    0    14 
399    14    1    34 
400    15    1    35 
401    16    1    36 
402    16    2    56 
403    15    2    55 
404    16    2    56 
405    15    2    55 
406    16    2    56 
407    15    2    55 
408    15    1    35 
409    16    1    36 
410    16    0    16 
411    16    1    36 
412    17    1    37 
413    16    1    36 
414    16    0    16 
415    16    19    396 
416    17    19    397 
417    17    0    17 
418    17    1    37 
419    17    0    17 
420    17    1    37 
421    18    1    38 
422    18    2    58 
423    18    1    38 
424    17    1    37 
425    17    0    17 
426    18    0    18 
427    18    19    398 
428    17    19    397 
429    16    19    396 
430    16    0    16 
431    16    1    36 
432    17    1    37 
433    18    1    38 
434    19    1    39 
435    18    1    38 
436    17    1    37 
437    17    0    17 
438    17    19    397 
439    16    19    396 
440    16    0    16 
441    16    19    396 
442    15    19    395 
443    16    19    396 
444    16    18    376 
445    17    18    377 
446    16    18    376 
447    17    18    377 
448    16    18    376 
449    15    18    375 
450    14    18    374 
451    13    18    373 
452    13    17    353 
453    14    17    354 
454    14    18    374 
455    15    18    375 
456    15    17    355 
457    15    18    375 
458    14    18    374 
459    15    18    375 
460    15    19    395 
461    15    0    15 
462    15    19    395 
463    15    0    15 
464    15    1    35 
465    16    1    36 
466    15    1    35 
467    16    1    36 
468    16    0    16 
469    16    19    396 
470    16    18    376 
471    16    17    356 
472    15    17    355 
473    15    16    335 
474    14    16    334 
475    14    17    354 
476    15    17    355 
477    15    18    375 
478    16    18    376 
479    15    18    375 
480    15    19    395 
481    15    18    375 
482    15    17    355 
483    15    18    375 
484    14    18    374 
485    15    18    375 
486    15    19    395 
487    15    0    15 
488    15    1    35 
489    15    0    15 
490    15    1    35 
491    15    2    55 
492    14    2    54 
493    14    3    74 
494    15    3    75 
495    14    3    74 
496    14    2    54 
497    13    2    53 
498    12    2    52 
499    13    2    53 
500    13    1    33 
501    13    2    53 
502    13    3    73 
503    12    3    72 
504    12    2    52 
505    13    2    53 
506    13    1    33 
507    12    1    32 
508    13    1    33 
509    13    0    13 
510    13    19    393 
511    14    19    394 
512    15    19    395 
513    16    19    396 
514    17    19    397 
515    17    18    377 
516    17    17    357 
517    17    16    337 
518    18    16    338 
519    17    16    337 
520    16    16    336 
521    16    15    316 
522    17    15    317 
523    18    15    318 
524    18    16    338 
525    18    17    358 
526    18    18    378 
527    19    18    379 
528    19    17    359 
529    19    16    339 
530    0    16    320 
531    19    16    339 
532    18    16    338 
533    18    17    358 
534    18    18    378 
535    19    18    379 
536    19    17    359 
537    19    18    379 
538    18    18    378 
539    18    19    398 
540    17    19    397 
541    17    18    377 
542    17    19    397 
543    16    19    396 
544    16    18    376 
545    17    18    377 
546    17    17    357 
547    16    17    356 
548    16    18    376 
549    15    18    375 
550    15    19    395 
551    14    19    394 
552    14    18    374 
553    15    18    375 
554    16    18    376 
555    17    18    377 
556    16    18    376 
557    16    19    396 
558    17    19    397 
559    17    18    377 
560    16    18    376 
561    16    19    396 
562    15    19    395 
563    16    19    396 
564    16    0    16 
565    16    1    36 
566    17    1    37 
567    17    0    17 
568    17    1    37 
569    17    2    57 
570    17    1    37 
571    18    1    38 
572    19    1    39 
573    19    0    19 
574    19    19    399 
575    0    19    380 
576    0    0    0 
577    19    0    19 
578    0    0    0 
579    0    19    380 
580    1    19    381 
581    0    19    380 
582    19    19    399 
583    19    0    19 
584    19    1    39 
585    18    1    38 
586    17    1    37 
587    17    0    17 
588    17    1    37 
589    18    1    38 
590    18    0    18 
591    18    19    398 
592    19    19    399 
593    0    19    380 
594    19    19    399 
595    19    18    379 
596    0    18    360 
597    19    18    379 
598    18    18    378 
599    17    18    377 
600    16    18    376 
601    15    18    375 
602    15    17    355 
603    15    18    375 
604    15    17    355 
605    14    17    354 
606    15    17    355 
607    15    18    375 
608    14    18    374 
609    14    17    354 
610    15    17    355 
611    15    16    335 
612    15    15    315 
613    14    15    314 
614    15    15    315 
615    16    15    316 
616    16    16    336 
617    16    17    356 
618    16    16    336 
619    15    16    335 
620    14    16    334 
621    14    17    354 
622    13    17    353 
623    14    17    354 
624    13    17    353 
625    12    17    352 
626    12    16    332 
627    11    16    331 
628    11    15    311 
629    10    15    310 
630    11    15    311 
631    11    16    331 
632    11    15    311 
633    11    14    291 
634    10    14    290 
635    10    15    310 
636    10    14    290 
637    11    14    291 
638    11    15    311 
639    12    15    312 
640    12    16    332 
641    11    16    331 
642    11    15    311 
643    11    14    291 
644    11    13    271 
645    10    13    270 
646    11    13    271 
647    11    12    251 
648    11    13    271 
649    11    14    291 
650    11    15    311 
651    10    15    310 
652    10    14    290 
653    10    13    270 
654    11    13    271 
655    10    13    270 
656    10    14    290 
657    10    15    310 
658    10    16    330 
659    11    16    331 
660    11    15    311 
661    12    15    312 
662    13    15    313 
663    12    15    312 
664    11    15    311 
665    11    14    291 
666    10    14    290 
667    11    14    291 
668    10    14    290 
669    9    14    289 
670    8    14    288 
671    8    13    268 
672    8    14    288 
673    8    13    268 
674    8    14    288 
675    8    13    268 
676    8    14    288 
677    7    14    287 
678    6    14    286 
679    5    14    285 
680    5    13    265 
681    6    13    266 
682    6    14    286 
683    6    15    306 
684    7    15    307 
685    8    15    308 
686    8    14    288 
687    7    14    287 
688    7    15    307 
689    6    15    306 
690    6    16    326 
691    6    17    346 
692    5    17    345 
693    4    17    344 
694    3    17    343 
695    4    17    344 
696    5    17    345 
697    5    16    325 
698    4    16    324 
699    5    16    325 
700    6    16    326 
701    5    16    325 
702    5    17    345 
703    5    18    365 
704    4    18    364 
705    5    18    365 
706    5    17    345 
707    6    17    346 
708    6    18    366 
709    5    18    365 
710    4    18    364 
711    4    17    344 
712    4    18    364 
713    4    19    384 
714    3    19    383 
715    4    19    384 
716    5    19    385 
717    5    18    365 
718    5    19    385 
719    5    18    365 
720    5    19    385 
721    4    19    384 
722    3    19    383 
723    3    18    363 
724    3    17    343 
725    4    17    344 
726    4    18    364 
727    3    18    363 
728    2    18    362 
729    3    18    363 
730    3    19    383 
731    4    19    384 
732    5    19    385 
733    4    19    384 
734    3    19    383 
735    3    0    3 
736    4    0    4 
737    4    19    384 
738    3    19    383 
739    3    18    363 
740    3    19    383 
741    2    19    382 
742    2    18    362 
743    3    18    363 
744    3    17    343 
745    4    17    344 
746    3    17    343 
747    3    18    363 
748    3    17    343 
749    4    17    344 
750    4    16    324 
751    3    16    323 
752    2    16    322 
753    3    16    323 
754    3    17    343 
755    2    17    342 
756    3    17    343 
757    3    16    323 
758    4    16    324 
759    4    15    304 
760    4    16    324 
761    4    15    304 
762    4    16    324 
763    4    15    304 
764    4    14    284 
765    4    15    304 
766    4    14    284 
767    3    14    283 
768    3    15    303 
769    3    14    283 
770    3    13    263 
771    3    12    243 
772    3    13    263 
773    3    14    283 
774    3    15    303 
775    4    15    304 
776    5    15    305 
777    4    15    304 
778    5    15    305 
779    5    14    285 
780    5    13    265 
781    5    14    285 
782    6    14    286 
783    6    15    306 
784    7    15    307 
785    6    15    306 
786    5    15    305 
787    6    15    306 
788    6    14    286 
789    6    15    306 
790    6    16    326 
791    7    16    327 
792    7    15    307 
793    8    15    308 
794    8    16    328 
795    8    15    308 
796    8    14    288 
797    9    14    289 
798    9    13    269 
799    9    14    289 
800    8    14    288 
801    7    14    287 
802    7    15    307 
803    7    14    287 
804    8    14    288 
805    9    14    289 
806    10    14    290 
807    9    14    289 
808    8    14    288 
809    8    13    268 
810    9    13    269 
811    9    12    249 
812    9    11    229 
813    9    12    249 
814    8    12    248 
815    8    11    228 
816    7    11    227 
817    7    12    247 
818    7    13    267 
819    6    13    266 
820    6    12    246 
821    6    11    226 
822    5    11    225 
823    6    11    226 
824    5    11    225 
825    4    11    224 
826    4    10    204 
827    5    10    205 
828    5    11    225 
829    4    11    224 
830    3    11    223 
831    4    11    224 
832    4    10    204 
833    4    9    184 
834    3    9    183 
835    2    9    182 
836    3    9    183 
837    3    8    163 
838    4    8    164 
839    4    9    184 
840    4    10    204 
841    5    10    205 
842    5    9    185 
843    6    9    186 
844    6    8    166 
845    7    8    167 
846    7    7    147 
847    6    7    146 
848    6    8    166 
849    7    8    167 
850    8    8    168 
851    8    9    188 
852    8    8    168 
853    7    8    167 
854    8    8    168 
855    8    9    188 
856    8    10    208 
857    7    10    207 
858    7    9    187 
859    6    9    186 
860    6    10    206 
861    5    10    205 
862    5    11    225 
863    6    11    226 
864    7    11    227 
865    6    11    226 
866    6    12    246 
867    6    11    226 
868    6    10    206 
869    6    9    186 
870    6    10    206 
871    7    10    207 
872    7    9    187 
873    7    8    167 
874    8    8    168 
875    7    8    167 
876    7    7    147 
877    8    7    148 
878    7    7    147 
879    8    7    148 
880    9    7    149 
881    9    8    169 
882    9    7    149 
883    10    7    150 
884    11    7    151 
885    12    7    152 
886    11    7    151 
887    10    7    150 
888    10    8    170 
889    9    8    169 
890    10    8    170 
891    11    8    171 
892    12    8    172 
893    11    8    171 
894    10    8    170 
895    9    8    169 
896    9    7    149 
897    9    8    169 
898    9    9    189 
899    8    9    188 
900    8    8    168 
901    9    8    169 
902    8    8    168 
903    8    9    188 
904    8    10    208 
905    8    9    188 
906    8    10    208 
907    8    11    228 
908    8    12    248 
909    7    12    247 
910    7    13    267 
911    6    13    266 
912    6    12    246 
913    7    12    247 
914    8    12    248 
915    7    12    247 
916    7    11    227 
917    6    11    226 
918    5    11    225 
919    4    11    224 
920    4    10    204 
921    3    10    203 
922    4    10    204 
923    4    11    224 
924    5    11    225 
925    5    12    245 
926    6    12    246 
927    5    12    245 
928    4    12    244 
929    3    12    243 
930    4    12    244 
931    4    13    264 
932    3    13    263 
933    2    13    262 
934    2    12    242 
935    2    13    262 
936    2    14    282 
937    2    13    262 
938    1    13    261 
939    0    13    260 
940    1    13    261 
941    1    12    241 
942    1    13    261 
943    1    12    241 
944    1    13    261 
945    2    13    262 
946    3    13    263 
947    3    12    243 
948    3    11    223 
949    4    11    224 
950    5    11    225 
951    4    11    224 
952    4    12    244 
953    5    12    245 
954    4    12    244 
955    5    12    245 
956    6    12    246 
957    6    13    266 
958    6    14    286 
959    6    15    306 
960    6    16    326 
961    6    17    346 
962    7    17    347 
963    8    17    348 
964    8    18    368 
965    8    17    348 
966    9    17    349 
967    10    17    350 
968    10    16    330 
969    9    16    329 
970    9    17    349 
971    10    17    350 
972    11    17    351 
973    10    17    350 
974    9    17    349 
975    8    17    348 
976    9    17    349 
977    10    17    350 
978    9    17    349 
979    8    17    348 
980    9    17    349 
981    9    16    329 
982    9    17    349 
983    9    16    329 
984    9    15    309 
985    9    14    289 
986    9    15    309 
987    10    15    310 
988    9    15    309 
989    10    15    310 
990    10    14    290 
991    10    15    310 
992    10    14    290 
993    10    13    270 
994    9    13    269 
995    10    13    270 
996    11    13    271 
997    11    12    251 
998    11    11    231 
999    12    11    232 
