# caminhante aleatório em matriz 20x20 
# tempo  x   y   sítio 
0    0    0    69 
1    0    1    49 
2    0    0    69 
3    0    1    49 
4    1    1    50 
5    2    1    51 
6    1    1    50 
7    1    2    30 
8    1    3    10 
9    1    2    30 
10    0    2    29 
11    1    2    30 
12    1    3    10 
13    1    2    30 
14    1    3    10 
15    1    2    30 
16    1    1    50 
17    2    1    51 
18    1    1    50 
19    0    1    49 
20    1    1    50 
21    1    0    70 
22    2    0    71 
23    1    0    70 
24    2    0    71 
25    2    1    51 
26    3    1    52 
27    3    0    72 
28    2    0    71 
29    2    1    91 
30    2    2    111 
31    2    1    91 
32    2    0    71 
33    2    1    91 
34    1    1    90 
35    2    1    91 
36    2    0    71 
37    3    0    72 
38    3    1    92 
39    2    1    91 
40    2    0    71 
41    2    1    51 
42    3    1    52 
43    4    1    53 
44    3    1    52 
45    2    1    51 
46    1    1    50 
47    2    1    51 
48    3    1    52 
49    4    1    53 
50    4    0    73 
51    3    0    72 
52    3    1    52 
53    2    1    51 
54    1    1    50 
55    1    0    70 
56    1    1    90 
57    0    1    89 
58    1    1    88 
59    0    1    89 
60    1    1    90 
61    1    2    110 
62    2    2    111 
63    2    3    131 
64    2    2    111 
65    2    3    131 
66    2    2    111 
67    2    1    91 
68    2    0    71 
69    3    0    72 
70    3    1    92 
71    3    2    112 
72    2    2    111 
73    2    3    131 
74    3    3    132 
75    4    3    133 
76    5    3    134 
77    5    4    154 
78    4    4    153 
79    4    3    133 
80    3    3    132 
81    3    2    112 
82    4    2    113 
83    5    2    114 
84    4    2    113 
85    4    1    93 
86    4    0    73 
87    4    1    53 
88    4    0    73 
89    4    1    93 
90    4    2    113 
91    4    3    133 
92    3    3    132 
93    3    4    152 
94    3    5    172 
95    4    5    173 
96    4    4    153 
97    4    3    133 
98    3    3    132 
99    3    2    112 
100    3    1    92 
101    3    0    72 
102    4    0    73 
103    3    0    72 
104    3    1    92 
105    3    0    72 
106    4    0    73 
107    4    1    53 
108    4    0    73 
109    5    0    74 
110    4    0    73 
111    4    1    93 
112    5    1    94 
113    4    1    93 
114    4    2    113 
115    5    2    114 
116    5    3    134 
117    5    4    154 
118    5    5    174 
119    4    5    173 
120    4    4    153 
121    3    4    152 
122    4    4    153 
123    4    3    133 
124    4    2    113 
125    5    2    114 
126    5    3    134 
127    5    4    154 
128    5    5    174 
129    6    5    175 
130    6    4    155 
131    6    5    175 
132    6    6    195 
133    7    6    196 
134    7    7    216 
135    7    8    236 
136    8    8    237 
137    9    8    238 
138    9    7    218 
139    9    8    238 
140    9    7    218 
141    9    6    198 
142    9    7    218 
143    10    7    219 
144    9    7    200 
145    10    7    219 
146    10    6    199 
147    9    6    180 
148    8    6    181 
149    8    5    161 
150    8    4    141 
151    9    4    140 
152    10    4    159 
153    10    3    139 
154    9    3    120 
155    10    3    139 
156    9    3    138 
157    8    3    137 
158    8    4    157 
159    8    3    137 
160    8    2    117 
161    7    2    116 
162    6    2    115 
163    7    2    116 
164    6    2    115 
165    5    2    114 
166    5    1    94 
167    6    1    95 
168    6    2    115 
169    7    2    116 
170    6    2    115 
171    6    3    135 
172    6    2    115 
173    6    1    95 
174    7    1    96 
175    7    0    76 
176    6    0    75 
177    5    0    74 
178    5    1    94 
179    5    0    74 
180    5    1    94 
181    4    1    93 
182    4    2    113 
183    5    2    114 
184    6    2    115 
185    5    2    114 
186    6    2    115 
187    5    2    114 
188    6    2    115 
189    6    1    95 
190    5    1    94 
191    4    1    93 
192    5    1    94 
193    4    1    93 
194    5    1    94 
195    5    2    114 
196    4    2    113 
197    4    1    93 
198    3    1    92 
199    3    0    72 
200    4    0    73 
201    4    1    53 
202    3    1    52 
203    4    1    53 
204    4    2    33 
205    3    2    32 
206    3    1    52 
207    3    0    72 
208    4    0    73 
209    4    1    53 
210    5    1    54 
211    5    2    34 
212    5    1    54 
213    5    2    34 
214    6    2    35 
215    5    2    34 
216    5    1    54 
217    6    1    55 
218    5    1    54 
219    5    2    34 
220    4    2    33 
221    5    2    34 
222    6    2    35 
223    6    1    55 
224    7    1    56 
225    7    2    36 
226    7    3    16 
227    6    3    15 
228    5    3    14 
229    4    3    13 
230    4    16    393 
231    3    16    392 
232    2    16    391 
233    2    3    11 
234    2    16    391 
235    3    16    392 
236    3    15    372 
237    4    15    373 
238    3    15    372 
239    3    14    352 
240    3    15    372 
241    2    15    371 
242    3    15    372 
243    4    15    373 
244    4    16    393 
245    4    15    373 
246    3    15    372 
247    3    14    352 
248    2    14    351 
249    1    14    350 
250    2    14    351 
251    3    14    352 
252    2    14    351 
253    2    13    331 
254    3    13    332 
255    3    12    312 
256    2    12    311 
257    1    12    310 
258    1    13    330 
259    1    14    350 
260    1    13    330 
261    1    14    350 
262    1    13    330 
263    2    13    331 
264    2    14    351 
265    2    15    371 
266    3    15    372 
267    3    16    392 
268    3    15    372 
269    3    14    352 
270    3    13    332 
271    4    13    333 
272    3    13    332 
273    3    12    312 
274    3    11    292 
275    3    12    312 
276    4    12    313 
277    3    12    312 
278    4    12    313 
279    4    11    293 
280    4    12    313 
281    5    12    314 
282    5    13    334 
283    6    13    335 
284    6    14    355 
285    5    14    354 
286    6    14    355 
287    5    14    354 
288    6    14    355 
289    5    14    354 
290    6    14    355 
291    6    13    335 
292    6    14    355 
293    6    15    375 
294    6    14    355 
295    5    14    354 
296    5    13    334 
297    5    14    354 
298    5    15    374 
299    6    15    375 
300    7    15    376 
301    7    14    356 
302    6    14    355 
303    7    14    356 
304    6    14    355 
305    6    15    375 
306    6    16    395 
307    6    3    15 
308    6    2    35 
309    6    1    55 
310    7    1    56 
311    7    0    76 
312    6    0    75 
313    6    1    55 
314    6    2    35 
315    5    2    34 
316    6    2    35 
317    6    1    55 
318    5    1    54 
319    6    1    55 
320    7    1    56 
321    7    2    36 
322    8    2    37 
323    7    2    36 
324    7    1    56 
325    8    1    57 
326    8    2    37 
327    7    2    36 
328    7    3    16 
329    7    2    36 
330    7    3    16 
331    8    3    17 
332    8    2    37 
333    8    1    57 
334    8    0    77 
335    8    1    97 
336    8    2    117 
337    8    1    97 
338    8    2    117 
339    8    3    137 
340    9    3    138 
341    10    3    139 
342    10    4    159 
343    10    5    179 
344    9    5    160 
345    10    5    179 
346    9    5    160 
347    8    5    161 
348    7    5    162 
349    7    4    142 
350    7    3    122 
351    8    3    121 
352    9    3    120 
353    9    4    140 
354    8    4    141 
355    8    3    121 
356    7    3    122 
357    7    2    102 
358    7    3    122 
359    6    3    123 
360    6    2    103 
361    5    2    104 
362    4    2    105 
363    5    2    104 
364    6    2    103 
365    7    2    102 
366    7    1    82 
367    7    2    102 
368    6    2    103 
369    5    2    104 
370    6    2    103 
371    5    2    104 
372    5    3    124 
373    5    4    144 
374    5    3    124 
375    4    3    125 
376    3    3    126 
377    3    4    146 
378    3    5    166 
379    3    6    186 
380    3    5    166 
381    3    4    146 
382    3    3    126 
383    3    2    106 
384    2    2    107 
385    2    1    87 
386    2    2    107 
387    2    1    87 
388    2    2    107 
389    3    2    106 
390    2    2    107 
391    1    2    108 
392    0    2    109 
393    1    2    108 
394    2    2    107 
395    1    2    108 
396    2    2    107 
397    1    2    108 
398    1    1    88 
399    0    1    89 
400    0    0    69 
401    1    0    70 
402    0    0    69 
403    1    0    70 
404    1    1    90 
405    1    2    110 
406    0    2    109 
407    0    1    89 
408    0    0    69 
409    0    1    89 
410    0    2    109 
411    0    1    89 
412    0    2    109 
413    0    1    89 
414    1    1    90 
415    0    1    89 
416    0    0    69 
417    0    1    89 
418    0    0    69 
419    1    0    68 
420    0    0    69 
421    1    0    70 
422    0    0    69 
423    0    1    89 
424    0    0    69 
425    0    1    89 
426    1    1    88 
427    1    2    108 
428    0    2    109 
429    1    2    110 
430    0    2    109 
431    1    2    108 
432    1    1    88 
433    1    0    68 
434    0    0    69 
435    1    0    70 
436    0    0    69 
437    0    1    89 
438    0    2    109 
439    1    2    108 
440    2    2    107 
441    2    1    87 
442    3    1    86 
443    4    1    85 
444    4    2    105 
445    5    2    104 
446    5    1    84 
447    6    1    83 
448    6    0    63 
449    6    1    83 
450    6    0    63 
451    6    1    43 
452    5    1    44 
453    5    0    64 
454    5    1    84 
455    4    1    85 
456    3    1    86 
457    2    1    87 
458    3    1    86 
459    2    1    87 
460    2    2    107 
461    3    2    106 
462    3    3    126 
463    3    4    146 
464    2    4    147 
465    3    4    146 
466    2    4    147 
467    1    4    148 
468    0    4    149 
469    1    4    148 
470    1    3    128 
471    0    3    129 
472    1    3    128 
473    1    2    108 
474    0    2    109 
475    1    2    110 
476    0    2    109 
477    0    3    129 
478    1    3    130 
479    2    3    131 
480    3    3    132 
481    3    4    152 
482    3    3    132 
483    4    3    133 
484    5    3    134 
485    5    2    114 
486    5    1    94 
487    6    1    95 
488    5    1    94 
489    5    0    74 
490    5    1    54 
491    4    1    53 
492    5    1    54 
493    5    0    74 
494    5    1    54 
495    6    1    55 
496    6    2    35 
497    6    3    15 
498    6    16    395 
499    6    15    375 
500    6    16    395 
501    7    16    396 
502    6    16    395 
503    6    15    375 
504    5    15    374 
505    5    14    354 
506    5    15    374 
507    6    15    375 
508    6    16    395 
509    6    3    15 
510    5    3    14 
511    5    16    394 
512    6    16    395 
513    7    16    396 
514    6    16    395 
515    7    16    396 
516    6    16    395 
517    5    16    394 
518    6    16    395 
519    6    15    375 
520    6    16    395 
521    6    15    375 
522    5    15    374 
523    6    15    375 
524    5    15    374 
525    6    15    375 
526    7    15    376 
527    8    15    377 
528    8    14    357 
529    8    15    377 
530    7    15    376 
531    7    14    356 
532    8    14    357 
533    7    14    356 
534    6    14    355 
535    6    13    335 
536    6    12    315 
537    6    13    335 
538    7    13    336 
539    6    13    335 
540    5    13    334 
541    5    12    314 
542    5    11    294 
543    5    12    314 
544    6    12    315 
545    6    11    295 
546    7    11    296 
547    7    10    276 
548    7    11    296 
549    7    10    276 
550    7    11    296 
551    7    12    316 
552    7    11    296 
553    7    10    276 
554    7    9    256 
555    7    10    276 
556    7    9    256 
557    7    10    276 
558    8    10    277 
559    8    9    257 
560    8    8    237 
561    7    8    236 
562    7    9    256 
563    7    10    276 
564    8    10    277 
565    8    11    297 
566    7    11    296 
567    8    11    297 
568    7    11    296 
569    7    10    276 
570    6    10    275 
571    7    10    276 
572    7    9    256 
573    7    8    236 
574    7    7    216 
575    6    7    215 
576    5    7    214 
577    5    8    234 
578    5    7    214 
579    4    7    213 
580    5    7    214 
581    6    7    215 
582    6    8    235 
583    6    9    255 
584    5    9    254 
585    6    9    255 
586    6    8    235 
587    7    8    236 
588    6    8    235 
589    6    7    215 
590    7    7    216 
591    7    8    236 
592    6    8    235 
593    5    8    234 
594    5    9    254 
595    5    8    234 
596    6    8    235 
597    7    8    236 
598    6    8    235 
599    7    8    236 
600    7    9    256 
601    7    8    236 
602    7    7    216 
603    6    7    215 
604    7    7    216 
605    6    7    215 
606    6    6    195 
607    6    5    175 
608    5    5    174 
609    5    6    194 
610    5    7    214 
611    6    7    215 
612    7    7    216 
613    7    6    196 
614    7    5    176 
615    8    5    177 
616    8    4    157 
617    8    3    137 
618    9    3    138 
619    9    2    118 
620    8    2    117 
621    7    2    116 
622    6    2    115 
623    6    3    135 
624    6    2    115 
625    6    3    135 
626    6    4    155 
627    6    5    175 
628    6    6    195 
629    5    6    194 
630    5    7    214 
631    5    6    194 
632    5    7    214 
633    6    7    215 
634    6    6    195 
635    6    5    175 
636    5    5    174 
637    5    4    154 
638    4    4    153 
639    3    4    152 
640    3    3    132 
641    2    3    131 
642    3    3    132 
643    2    3    131 
644    1    3    130 
645    2    3    131 
646    1    3    130 
647    2    3    131 
648    2    2    111 
649    2    1    91 
650    2    2    111 
651    3    2    112 
652    4    2    113 
653    4    1    93 
654    4    0    73 
655    5    0    74 
656    5    1    94 
657    5    2    114 
658    5    3    134 
659    5    2    114 
660    5    3    134 
661    4    3    133 
662    4    2    113 
663    4    3    133 
664    4    4    153 
665    5    4    154 
666    5    5    174 
667    6    5    175 
668    7    5    176 
669    7    6    196 
670    8    6    197 
671    8    5    177 
672    8    4    157 
673    7    4    156 
674    8    4    157 
675    8    5    177 
676    8    6    197 
677    7    6    196 
678    7    7    216 
679    6    7    215 
680    5    7    214 
681    6    7    215 
682    6    8    235 
683    7    8    236 
684    6    8    235 
685    6    7    215 
686    7    7    216 
687    6    7    215 
688    6    8    235 
689    7    8    236 
690    8    8    237 
691    9    8    238 
692    10    8    239 
693    9    8    238 
694    9    7    218 
695    8    7    217 
696    9    7    218 
697    10    7    219 
698    9    7    200 
699    9    8    220 
700    10    8    239 
701    9    8    220 
702    9    7    200 
703    9    6    180 
704    10    6    199 
705    9    6    180 
706    10    6    199 
707    9    6    198 
708    9    5    178 
709    8    5    177 
710    8    4    157 
711    8    5    177 
712    9    5    178 
713    8    5    177 
714    8    4    157 
715    7    4    156 
716    6    4    155 
717    7    4    156 
718    7    5    176 
719    8    5    177 
720    8    4    157 
721    8    3    137 
722    9    3    138 
723    8    3    137 
724    8    4    157 
725    8    5    177 
726    8    4    157 
727    7    4    156 
728    7    3    136 
729    8    3    137 
730    9    3    138 
731    10    3    139 
732    9    3    120 
733    8    3    121 
734    7    3    122 
735    7    2    102 
736    7    1    82 
737    7    2    102 
738    7    1    82 
739    7    2    102 
740    8    2    101 
741    9    2    100 
742    8    2    101 
743    8    1    81 
744    9    1    80 
745    10    1    99 
746    9    1    98 
747    10    1    99 
748    10    2    119 
749    10    1    99 
750    10    2    119 
751    10    3    139 
752    9    3    120 
753    8    3    121 
754    8    4    141 
755    8    3    121 
756    9    3    120 
757    9    2    100 
758    9    1    80 
759    10    1    99 
760    10    0    79 
761    9    0    60 
762    10    0    79 
763    9    0    78 
764    8    0    77 
765    9    0    78 
766    8    0    77 
767    7    0    76 
768    7    1    96 
769    7    2    116 
770    7    3    136 
771    7    4    156 
772    6    4    155 
773    5    4    154 
774    5    5    174 
775    5    4    154 
776    5    5    174 
777    5    6    194 
778    6    6    195 
779    7    6    196 
780    8    6    197 
781    8    7    217 
782    8    6    197 
783    8    7    217 
784    7    7    216 
785    8    7    217 
786    8    8    237 
787    9    8    238 
788    10    8    239 
789    10    7    219 
790    9    7    218 
791    9    8    238 
792    9    9    258 
793    9    8    238 
794    10    8    239 
795    10    9    259 
796    10    8    239 
797    10    7    219 
798    9    7    218 
799    9    6    198 
800    9    5    178 
801    9    4    158 
802    9    3    138 
803    8    3    137 
804    8    4    157 
805    9    4    158 
806    10    4    159 
807    9    4    158 
808    8    4    157 
809    8    3    137 
810    9    3    138 
811    9    2    118 
812    9    3    138 
813    8    3    137 
814    8    2    117 
815    9    2    118 
816    9    1    98 
817    8    1    97 
818    7    1    96 
819    7    0    76 
820    7    1    56 
821    8    1    57 
822    7    1    56 
823    8    1    57 
824    8    0    77 
825    8    1    97 
826    7    1    96 
827    6    1    95 
828    5    1    94 
829    5    2    114 
830    4    2    113 
831    5    2    114 
832    6    2    115 
833    6    3    135 
834    6    4    155 
835    7    4    156 
836    7    5    176 
837    6    5    175 
838    7    5    176 
839    7    4    156 
840    7    3    136 
841    7    4    156 
842    7    5    176 
843    7    4    156 
844    7    3    136 
845    8    3    137 
846    8    2    117 
847    9    2    118 
848    9    3    138 
849    8    3    137 
850    8    4    157 
851    8    5    177 
852    8    6    197 
853    9    6    198 
854    9    5    178 
855    9    6    198 
856    9    7    218 
857    9    6    198 
858    9    7    218 
859    9    8    238 
860    8    8    237 
861    9    8    238 
862    9    7    218 
863    9    6    198 
864    9    7    218 
865    8    7    217 
866    7    7    216 
867    7    6    196 
868    7    5    176 
869    8    5    177 
870    8    4    157 
871    7    4    156 
872    6    4    155 
873    6    5    175 
874    5    5    174 
875    5    4    154 
876    4    4    153 
877    4    5    173 
878    4    6    193 
879    5    6    194 
880    4    6    193 
881    3    6    192 
882    3    7    212 
883    4    7    213 
884    3    7    212 
885    3    8    232 
886    2    8    231 
887    3    8    232 
888    3    7    212 
889    4    7    213 
890    4    6    193 
891    5    6    194 
892    5    5    174 
893    6    5    175 
894    6    4    155 
895    6    3    135 
896    6    2    115 
897    6    1    95 
898    7    1    96 
899    7    0    76 
900    8    0    77 
901    7    0    76 
902    7    1    96 
903    6    1    95 
904    7    1    96 
905    7    2    116 
906    6    2    115 
907    6    1    95 
908    6    0    75 
909    5    0    74 
910    5    1    54 
911    5    0    74 
912    5    1    54 
913    4    1    53 
914    4    2    33 
915    4    3    13 
916    3    3    12 
917    3    16    392 
918    3    15    372 
919    2    15    371 
920    3    15    372 
921    3    14    352 
922    4    14    353 
923    5    14    354 
924    6    14    355 
925    5    14    354 
926    6    14    355 
927    7    14    356 
928    7    15    376 
929    6    15    375 
930    5    15    374 
931    6    15    375 
932    6    16    395 
933    6    15    375 
934    6    16    395 
935    6    3    15 
936    5    3    14 
937    4    3    13 
938    3    3    12 
939    4    3    13 
940    3    3    12 
941    3    2    32 
942    4    2    33 
943    4    3    13 
944    4    2    33 
945    4    3    13 
946    4    16    393 
947    4    3    13 
948    4    16    393 
949    4    15    373 
950    4    14    353 
951    5    14    354 
952    5    13    334 
953    5    12    314 
954    5    11    294 
955    4    11    293 
956    5    11    294 
957    4    11    293 
958    4    10    273 
959    3    10    272 
960    3    11    292 
961    4    11    293 
962    4    10    273 
963    4    9    253 
964    4    10    273 
965    3    10    272 
966    4    10    273 
967    5    10    274 
968    4    10    273 
969    3    10    272 
970    3    11    292 
971    3    10    272 
972    2    10    271 
973    1    10    270 
974    2    10    271 
975    3    10    272 
976    3    9    252 
977    3    8    232 
978    3    7    212 
979    3    6    192 
980    2    6    191 
981    3    6    192 
982    3    5    172 
983    3    4    152 
984    2    4    151 
985    1    4    150 
986    1    3    130 
987    2    3    131 
988    2    4    151 
989    2    3    131 
990    3    3    132 
991    2    3    131 
992    2    4    151 
993    2    3    131 
994    3    3    132 
995    4    3    133 
996    4    4    153 
997    5    4    154 
998    5    5    174 
999    4    5    173 
