# 1000 
# time sd 
0.0    0.0    
1.0    1.0    
2.0    2.008    
3.0    2.968    
4.0    3.956    
5.0    4.932    
6.0    5.842    
7.0    6.768    
8.0    7.712    
9.0    8.732    
10.0    9.852    
11.0    10.924    
12.0    11.808    
13.0    12.736    
14.0    13.962    
15.0    14.936    
16.0    16.192    
17.0    17.164    
18.0    18.14    
19.0    19.016    
20.0    19.966    
21.0    21.048    
22.0    22.026    
23.0    23.004    
24.0    24.264    
25.0    25.548    
26.0    26.762    
27.0    27.548    
28.0    29.096    
29.0    30.184    
30.0    30.964    
31.0    31.956    
32.0    32.792    
33.0    34.064    
34.0    35.384    
35.0    37.0    
36.0    38.67    
37.0    39.04    
38.0    39.942    
39.0    41.044    
40.0    41.662    
41.0    43.16    
42.0    43.934    
43.0    44.56    
44.0    45.892    
45.0    47.376    
46.0    48.584    
47.0    49.3    
48.0    50.352    
49.0    51.284    
50.0    51.566    
51.0    53.108    
52.0    53.854    
53.0    54.576    
54.0    55.486    
55.0    56.532    
56.0    57.612    
57.0    58.224    
58.0    59.146    
59.0    60.332    
60.0    61.914    
61.0    62.884    
62.0    64.148    
63.0    65.072    
64.0    66.094    
65.0    66.948    
66.0    67.34    
67.0    67.804    
68.0    68.764    
69.0    69.656    
70.0    70.28    
71.0    71.328    
72.0    72.272    
73.0    73.148    
74.0    73.658    
75.0    74.884    
76.0    76.082    
77.0    76.944    
78.0    78.052    
79.0    78.888    
80.0    79.872    
81.0    80.852    
82.0    81.926    
83.0    82.9    
84.0    84.776    
85.0    85.772    
86.0    86.478    
87.0    88.092    
88.0    89.352    
89.0    90.412    
90.0    91.784    
91.0    92.624    
92.0    94.164    
93.0    94.18    
94.0    96.062    
95.0    96.872    
96.0    97.762    
97.0    99.412    
98.0    100.034    
99.0    101.06    
100.0    102.186    
101.0    102.744    
102.0    103.148    
103.0    104.396    
104.0    104.786    
105.0    105.684    
106.0    107.204    
107.0    108.496    
108.0    109.572    
109.0    110.676    
110.0    111.128    
111.0    112.304    
112.0    112.806    
113.0    114.244    
114.0    115.392    
115.0    115.076    
116.0    115.94    
117.0    116.784    
118.0    117.684    
119.0    119.168    
120.0    119.314    
121.0    119.996    
122.0    120.658    
123.0    122.22    
124.0    122.528    
125.0    123.22    
126.0    124.43    
127.0    126.208    
128.0    125.966    
129.0    127.836    
130.0    128.536    
131.0    129.736    
132.0    130.892    
133.0    132.048    
134.0    132.236    
135.0    134.06    
136.0    135.318    
137.0    136.392    
138.0    137.588    
139.0    138.492    
140.0    138.588    
141.0    139.94    
142.0    140.496    
143.0    140.54    
144.0    143.092    
145.0    144.1    
146.0    144.544    
147.0    145.184    
148.0    146.488    
149.0    147.352    
150.0    148.76    
151.0    149.548    
152.0    150.076    
153.0    150.588    
154.0    151.676    
155.0    151.824    
156.0    153.068    
157.0    154.616    
158.0    155.454    
159.0    156.588    
160.0    156.256    
161.0    157.084    
162.0    158.006    
163.0    159.72    
164.0    159.804    
165.0    160.464    
166.0    161.12    
167.0    162.2    
168.0    163.522    
169.0    164.552    
170.0    165.904    
171.0    166.92    
172.0    168.226    
173.0    168.9    
174.0    170.362    
175.0    172.124    
176.0    173.286    
177.0    174.096    
178.0    174.634    
179.0    175.668    
180.0    177.058    
181.0    179.172    
182.0    180.184    
183.0    180.876    
184.0    181.954    
185.0    183.456    
186.0    185.158    
187.0    186.096    
188.0    186.728    
189.0    189.084    
190.0    189.94    
191.0    190.084    
192.0    190.756    
193.0    192.236    
194.0    193.168    
195.0    193.676    
196.0    194.892    
197.0    195.864    
198.0    196.426    
199.0    198.008    
200.0    198.814    
201.0    199.8    
202.0    200.832    
203.0    202.368    
204.0    201.892    
205.0    202.864    
206.0    204.456    
207.0    205.904    
208.0    207.236    
209.0    208.564    
210.0    210.306    
211.0    212.036    
212.0    213.796    
213.0    214.872    
214.0    215.878    
215.0    217.576    
216.0    219.808    
217.0    221.02    
218.0    221.57    
219.0    222.268    
220.0    223.53    
221.0    224.384    
222.0    225.856    
223.0    228.108    
224.0    229.616    
225.0    231.424    
226.0    232.528    
227.0    232.724    
228.0    233.51    
229.0    234.688    
230.0    235.986    
231.0    238.048    
232.0    240.134    
233.0    240.504    
234.0    241.292    
235.0    241.128    
236.0    242.284    
237.0    242.66    
238.0    242.994    
239.0    244.976    
240.0    245.564    
241.0    246.136    
242.0    246.798    
243.0    246.34    
244.0    247.172    
245.0    247.284    
246.0    249.11    
247.0    250.372    
248.0    252.654    
249.0    254.192    
250.0    254.458    
251.0    255.468    
252.0    256.37    
253.0    257.2    
254.0    258.612    
255.0    260.032    
256.0    260.712    
257.0    261.26    
258.0    261.554    
259.0    261.964    
260.0    262.792    
261.0    263.744    
262.0    263.842    
263.0    264.94    
264.0    265.2    
265.0    266.748    
266.0    268.41    
267.0    269.244    
268.0    269.556    
269.0    269.392    
270.0    269.356    
271.0    268.968    
272.0    270.744    
273.0    272.516    
274.0    273.472    
275.0    273.912    
276.0    275.422    
277.0    276.144    
278.0    277.798    
279.0    279.136    
280.0    280.034    
281.0    281.712    
282.0    283.66    
283.0    285.808    
284.0    286.388    
285.0    286.808    
286.0    288.308    
287.0    289.332    
288.0    291.884    
289.0    292.72    
290.0    294.738    
291.0    296.968    
292.0    298.82    
293.0    298.912    
294.0    299.694    
295.0    300.504    
296.0    301.496    
297.0    302.232    
298.0    304.18    
299.0    305.652    
300.0    306.202    
301.0    306.236    
302.0    307.824    
303.0    308.76    
304.0    309.41    
305.0    310.904    
306.0    311.802    
307.0    312.64    
308.0    313.458    
309.0    314.18    
310.0    315.004    
311.0    317.2    
312.0    318.058    
313.0    318.724    
314.0    318.542    
315.0    319.964    
316.0    322.196    
317.0    324.136    
318.0    325.378    
319.0    325.716    
320.0    327.326    
321.0    328.324    
322.0    328.538    
323.0    330.452    
324.0    331.724    
325.0    333.564    
326.0    334.906    
327.0    336.412    
328.0    336.342    
329.0    337.408    
330.0    337.67    
331.0    338.992    
332.0    340.956    
333.0    342.26    
334.0    343.198    
335.0    342.944    
336.0    343.29    
337.0    343.544    
338.0    343.976    
339.0    346.676    
340.0    349.218    
341.0    349.972    
342.0    351.428    
343.0    351.316    
344.0    353.548    
345.0    356.812    
346.0    357.28    
347.0    359.364    
348.0    358.438    
349.0    358.2    
350.0    358.232    
351.0    359.512    
352.0    360.524    
353.0    361.02    
354.0    362.896    
355.0    363.936    
356.0    364.01    
357.0    363.592    
358.0    365.25    
359.0    367.144    
360.0    368.482    
361.0    370.028    
362.0    369.572    
363.0    371.316    
364.0    371.876    
365.0    373.388    
366.0    374.47    
367.0    376.224    
368.0    375.984    
369.0    376.052    
370.0    378.346    
371.0    379.4    
372.0    380.724    
373.0    380.72    
374.0    380.282    
375.0    381.368    
376.0    383.556    
377.0    383.12    
378.0    383.778    
379.0    386.008    
380.0    387.534    
381.0    388.052    
382.0    388.662    
383.0    390.272    
384.0    393.026    
385.0    394.38    
386.0    394.908    
387.0    395.668    
388.0    396.626    
389.0    397.756    
390.0    397.716    
391.0    398.752    
392.0    399.016    
393.0    399.528    
394.0    401.776    
395.0    401.472    
396.0    401.476    
397.0    403.048    
398.0    404.34    
399.0    404.36    
