# mcs  energy  magnetization 
0  -2.0  1.0 
50  -0.844  0.0332 
100  -0.82  -0.0152 
150  -0.806  0.0542 
200  -0.7776  0.0278 
250  -0.8012  -0.0362 
300  -0.8064  0.0578 
350  -0.8656  -0.0712 
400  -0.8032  -0.0116 
450  -0.812  -0.0276 
500  -0.8292  0.026 
550  -0.8224  0.0202 
600  -0.8436  -0.0094 
650  -0.7916  -0.0352 
700  -0.796  0.0086 
750  -0.838  -0.0364 
800  -0.802  0.0244 
850  -0.808  0.0114 
900  -0.8332  0.0008 
950  -0.8232  0.0578 
1000  -0.8332  -0.1236 
1050  -0.7936  -0.0574 
1100  -0.8044  0.0862 
1150  -0.844  0.0408 
1200  -0.852  0.0462 
1250  -0.8104  -0.0002 
1300  -0.8148  0.0264 
1350  -0.832  -0.006 
1400  -0.8364  0.0412 
1450  -0.8208  -0.0176 
1500  -0.8288  0.0154 
1550  -0.7964  -0.0302 
1600  -0.8144  0.016 
1650  -0.802  0.0198 
1700  -0.8156  0.0012 
1750  -0.7872  -0.0212 
1800  -0.804  -0.0626 
1850  -0.838  0.0516 
1900  -0.7816  -0.0024 
1950  -0.802  -0.005 
2000  -0.8068  0.0146 
2050  -0.7896  0.022 
2100  -0.844  -0.0216 
2150  -0.8216  0.0108 
2200  -0.8392  0.02 
2250  -0.8264  -0.0398 
2300  -0.8264  -0.0044 
2350  -0.8476  0.0054 
2400  -0.8044  0.0028 
2450  -0.8  0.0364 
2500  -0.798  -0.0306 
2550  -0.8244  0.0072 
2600  -0.7728  -0.0584 
2650  -0.846  -0.015 
2700  -0.8128  0.0282 
2750  -0.7976  -0.0418 
2800  -0.818  -0.0104 
2850  -0.8308  0.0104 
2900  -0.7956  0.0376 
2950  -0.8084  0.0028 
3000  -0.8132  0.046 
3050  -0.7768  0.0038 
3100  -0.8008  0.034 
3150  -0.8256  -0.019 
3200  -0.85  0.0056 
3250  -0.7772  0.0196 
3300  -0.7772  0.0312 
3350  -0.8176  -0.0136 
3400  -0.8308  0.0344 
3450  -0.8452  0.0016 
3500  -0.8396  -0.0842 
3550  -0.8336  0.0054 
3600  -0.7804  -0.0152 
3650  -0.8004  -0.042 
3700  -0.8316  0.0344 
3750  -0.7804  0.0024 
3800  -0.8228  0.007 
3850  -0.8052  0.0686 
3900  -0.828  -0.0066 
3950  -0.7984  0.0144 
4000  -0.8124  0.0296 
4050  -0.8296  -0.0108 
4100  -0.81  -0.0384 
4150  -0.8  -0.012 
4200  -0.8424  0.0066 
4250  -0.7904  -0.0036 
4300  -0.8396  0.016 
4350  -0.7636  -0.0206 
4400  -0.8088  0.0246 
4450  -0.7764  0.0082 
4500  -0.8  0.0256 
4550  -0.8368  0.0118 
4600  -0.8044  -0.0336 
4650  -0.7936  -0.0168 
4700  -0.8132  -0.0512 
4750  -0.8204  0.0412 
4800  -0.8212  0.0496 
4850  -0.8256  0.0238 
4900  -0.8424  -0.0206 
4950  -0.8056  -0.063 
5000  -0.8332  -0.0274 
5050  -0.8132  0.0124 
5100  -0.8452  0.0572 
5150  -0.7716  0.0046 
5200  -0.8068  -0.0284 
5250  -0.8448  0.0172 
5300  -0.8464  0.0258 
5350  -0.8152  0.0294 
5400  -0.8204  -0.1038 
5450  -0.8052  -0.0346 
5500  -0.8236  0.0068 
5550  -0.79  -0.0052 
5600  -0.8012  -0.0274 
5650  -0.804  0.0254 
5700  -0.8736  -0.036 
5750  -0.818  0.0116 
5800  -0.8132  -0.002 
5850  -0.8512  0.0302 
5900  -0.788  0.0466 
5950  -0.8196  -0.0146 
6000  -0.8264  -0.0874 
6050  -0.862  0.067 
6100  -0.8104  0.0234 
6150  -0.8332  0.0124 
6200  -0.8196  0.026 
6250  -0.8024  0.004 
6300  -0.8164  0.0396 
6350  -0.7812  -0.0054 
6400  -0.8008  -0.0164 
6450  -0.8356  0.0112 
6500  -0.8256  -0.0194 
6550  -0.8112  0.0144 
6600  -0.804  -0.0232 
6650  -0.828  -0.0482 
6700  -0.8204  0.0274 
6750  -0.7948  -0.0092 
6800  -0.8284  -0.0434 
6850  -0.8088  -0.0074 
6900  -0.792  -0.0104 
6950  -0.8048  0.0012 
7000  -0.824  0.075 
7050  -0.7972  0.0296 
7100  -0.858  -0.049 
7150  -0.8296  -0.0692 
7200  -0.8276  0.0594 
7250  -0.7924  -0.0312 
7300  -0.8152  0.0394 
7350  -0.7928  -0.0202 
7400  -0.8344  -0.0304 
7450  -0.8356  0.0104 
7500  -0.8084  0.0058 
7550  -0.8164  0.0282 
7600  -0.8072  -0.0196 
7650  -0.7972  -0.0726 
7700  -0.8272  0.0414 
7750  -0.8216  0.0384 
7800  -0.8252  0.0644 
7850  -0.8308  0.0144 
7900  -0.8108  0.0096 
7950  -0.8524  0.0076 
8000  -0.8152  -0.0072 
8050  -0.8208  -0.0214 
8100  -0.8228  -0.015 
8150  -0.81  -0.0066 
8200  -0.8372  0.0134 
8250  -0.8284  -0.0166 
8300  -0.8376  0.0158 
8350  -0.804  0.0384 
8400  -0.812  -0.0392 
8450  -0.8184  0.033 
8500  -0.8132  0.0154 
8550  -0.8424  0.0398 
8600  -0.8068  0.009 
8650  -0.8164  -0.009 
8700  -0.8088  -0.002 
8750  -0.8032  0.0262 
8800  -0.8172  0.0022 
8850  -0.8148  0.0162 
8900  -0.7916  -0.069 
8950  -0.7912  -0.0414 
9000  -0.8044  -0.0364 
9050  -0.8428  0.039 
9100  -0.796  0.007 
9150  -0.8196  -0.0132 
9200  -0.8164  0.0664 
9250  -0.8076  -0.0136 
9300  -0.8252  -0.0148 
9350  -0.7872  -0.0262 
9400  -0.7948  -0.0008 
9450  -0.8264  0.0108 
9500  -0.8148  -0.0524 
9550  -0.8172  0.0194 
9600  -0.7828  0.019 
9650  -0.8036  0.011 
9700  -0.8208  -0.0202 
9750  -0.8128  0.0258 
9800  -0.808  -0.0002 
9850  -0.8628  -0.0216 
9900  -0.8164  0.018 
9950  -0.8  -0.0138 
