# mcs  energy  magnetization 
0  -0.004  -0.013 
1  -0.5984  -0.0094 
2  -0.9192  0.0186 
3  -1.126  -0.008 
4  -1.2512  -0.0184 
5  -1.3268  -0.0754 
6  -1.4064  -0.0904 
7  -1.4368  -0.1234 
8  -1.4728  -0.144 
9  -1.4692  -0.1388 
10  -1.48  -0.1406 
11  -1.4576  -0.1446 
12  -1.5068  -0.1688 
13  -1.5128  -0.1894 
14  -1.5244  -0.2022 
15  -1.506  -0.2068 
16  -1.5276  -0.2152 
17  -1.5164  -0.1992 
18  -1.536  -0.1906 
19  -1.536  -0.1792 
20  -1.5504  -0.1802 
21  -1.5444  -0.1834 
22  -1.5488  -0.1804 
23  -1.5548  -0.1624 
24  -1.5528  -0.1664 
25  -1.562  -0.1556 
26  -1.5688  -0.1616 
27  -1.5908  -0.1448 
28  -1.5864  -0.153 
29  -1.588  -0.1562 
30  -1.5968  -0.1476 
31  -1.5732  -0.1242 
32  -1.5988  -0.1216 
33  -1.6012  -0.123 
34  -1.6116  -0.1298 
35  -1.6184  -0.133 
36  -1.6052  -0.1522 
37  -1.6184  -0.1468 
38  -1.6412  -0.1424 
39  -1.6268  -0.1502 
40  -1.6364  -0.1756 
41  -1.636  -0.1796 
42  -1.6232  -0.1616 
43  -1.6312  -0.1398 
44  -1.6172  -0.1486 
45  -1.6252  -0.139 
46  -1.5948  -0.157 
47  -1.6112  -0.1486 
48  -1.6116  -0.1524 
49  -1.6208  -0.1528 
50  -1.6084  -0.154 
51  -1.648  -0.1596 
52  -1.63  -0.1624 
53  -1.614  -0.182 
54  -1.6256  -0.1896 
55  -1.6292  -0.1974 
56  -1.626  -0.2002 
57  -1.658  -0.2052 
58  -1.6272  -0.201 
59  -1.6528  -0.203 
60  -1.6428  -0.2206 
61  -1.6448  -0.2162 
62  -1.6372  -0.2086 
63  -1.6272  -0.2144 
64  -1.6224  -0.1984 
65  -1.6368  -0.2158 
66  -1.6276  -0.2134 
67  -1.6284  -0.2088 
68  -1.634  -0.2332 
69  -1.66  -0.237 
70  -1.6672  -0.2638 
71  -1.6612  -0.267 
72  -1.6748  -0.2754 
73  -1.6692  -0.289 
74  -1.6616  -0.2876 
75  -1.622  -0.2898 
76  -1.6372  -0.311 
77  -1.6552  -0.3104 
78  -1.6544  -0.3252 
79  -1.6608  -0.3116 
80  -1.6544  -0.3194 
81  -1.6516  -0.3196 
82  -1.6588  -0.318 
83  -1.6132  -0.3048 
84  -1.6312  -0.3054 
85  -1.6344  -0.294 
86  -1.6472  -0.3104 
87  -1.6708  -0.3244 
88  -1.6916  -0.3328 
89  -1.654  -0.3098 
90  -1.6708  -0.3142 
91  -1.6692  -0.3128 
92  -1.6836  -0.3062 
93  -1.6884  -0.3172 
94  -1.6948  -0.3174 
95  -1.6804  -0.338 
96  -1.6784  -0.3216 
97  -1.6732  -0.3082 
98  -1.6844  -0.3072 
99  -1.6712  -0.3168 
100  -1.6672  -0.3308 
101  -1.666  -0.3262 
102  -1.6952  -0.3322 
103  -1.6696  -0.3156 
104  -1.6652  -0.3224 
105  -1.66  -0.314 
106  -1.6828  -0.316 
107  -1.674  -0.3266 
108  -1.6904  -0.324 
109  -1.6892  -0.328 
110  -1.6936  -0.2974 
111  -1.6568  -0.2984 
112  -1.672  -0.3006 
113  -1.6744  -0.3018 
114  -1.6876  -0.2926 
115  -1.686  -0.309 
116  -1.6932  -0.3046 
117  -1.6808  -0.3166 
118  -1.6824  -0.3134 
119  -1.6952  -0.3246 
120  -1.6676  -0.3116 
121  -1.658  -0.316 
122  -1.6536  -0.3112 
123  -1.6512  -0.3166 
124  -1.6488  -0.322 
125  -1.66  -0.3218 
126  -1.6688  -0.3132 
127  -1.6488  -0.2964 
128  -1.6548  -0.2908 
129  -1.6908  -0.3272 
130  -1.6492  -0.322 
131  -1.6568  -0.3168 
132  -1.656  -0.345 
133  -1.6672  -0.3638 
134  -1.6568  -0.3574 
135  -1.6568  -0.3824 
136  -1.6464  -0.3844 
137  -1.6828  -0.4014 
138  -1.6752  -0.4026 
139  -1.672  -0.405 
140  -1.68  -0.4052 
141  -1.704  -0.4132 
142  -1.7104  -0.4052 
143  -1.7036  -0.4056 
144  -1.6804  -0.4094 
145  -1.6896  -0.4126 
146  -1.7048  -0.4206 
147  -1.694  -0.425 
148  -1.6796  -0.4254 
149  -1.6968  -0.431 
150  -1.686  -0.4346 
151  -1.6988  -0.4278 
152  -1.6936  -0.4362 
153  -1.6872  -0.4432 
154  -1.6936  -0.4524 
155  -1.6928  -0.4606 
156  -1.6708  -0.4474 
157  -1.66  -0.4616 
158  -1.668  -0.4486 
159  -1.6844  -0.4376 
160  -1.6956  -0.4388 
161  -1.6644  -0.4392 
162  -1.6876  -0.4258 
163  -1.6616  -0.436 
164  -1.6728  -0.456 
165  -1.6784  -0.4588 
166  -1.6928  -0.4562 
167  -1.6924  -0.4544 
168  -1.682  -0.4578 
169  -1.686  -0.47 
170  -1.674  -0.4754 
171  -1.704  -0.4984 
172  -1.702  -0.4988 
173  -1.686  -0.4894 
174  -1.672  -0.4856 
175  -1.6892  -0.4776 
176  -1.678  -0.4704 
177  -1.7056  -0.4824 
178  -1.6936  -0.467 
179  -1.7184  -0.4646 
180  -1.6964  -0.451 
181  -1.682  -0.4564 
182  -1.66  -0.4458 
183  -1.6628  -0.4694 
184  -1.674  -0.4752 
185  -1.6592  -0.4936 
186  -1.6804  -0.5024 
187  -1.688  -0.4854 
188  -1.6664  -0.481 
189  -1.6872  -0.4794 
190  -1.6904  -0.4744 
191  -1.6756  -0.4824 
192  -1.6888  -0.4816 
193  -1.6908  -0.4724 
194  -1.6756  -0.4658 
195  -1.7076  -0.4606 
196  -1.692  -0.4648 
197  -1.6956  -0.4742 
198  -1.7012  -0.4604 
199  -1.6976  -0.4546 
200  -1.686  -0.4758 
201  -1.6952  -0.4842 
202  -1.6956  -0.4734 
203  -1.6984  -0.4792 
204  -1.6668  -0.4734 
205  -1.704  -0.4868 
206  -1.6732  -0.4914 
207  -1.6544  -0.4862 
208  -1.65  -0.4804 
209  -1.68  -0.4822 
210  -1.712  -0.495 
211  -1.6704  -0.4888 
212  -1.6972  -0.4704 
213  -1.6784  -0.4836 
214  -1.6656  -0.4866 
215  -1.6764  -0.5054 
216  -1.6772  -0.5004 
217  -1.7012  -0.5114 
218  -1.6852  -0.4978 
219  -1.6932  -0.4982 
220  -1.7016  -0.4894 
221  -1.6388  -0.4712 
222  -1.6512  -0.4714 
223  -1.6524  -0.4804 
224  -1.686  -0.4814 
225  -1.6836  -0.4822 
226  -1.6884  -0.4942 
227  -1.6892  -0.4938 
228  -1.702  -0.4982 
229  -1.696  -0.4888 
230  -1.694  -0.4822 
231  -1.7092  -0.4916 
232  -1.686  -0.475 
233  -1.6716  -0.493 
234  -1.6944  -0.499 
235  -1.6836  -0.5066 
236  -1.6752  -0.5124 
237  -1.6752  -0.506 
238  -1.6644  -0.5036 
239  -1.6624  -0.502 
240  -1.6792  -0.5072 
241  -1.6936  -0.515 
242  -1.6988  -0.5164 
243  -1.6848  -0.5232 
244  -1.688  -0.5136 
245  -1.6636  -0.486 
246  -1.6804  -0.5052 
247  -1.6908  -0.5234 
248  -1.6988  -0.5262 
249  -1.6892  -0.5162 
250  -1.6892  -0.5246 
251  -1.6932  -0.5286 
252  -1.6908  -0.5388 
253  -1.6936  -0.5396 
254  -1.702  -0.5356 
255  -1.71  -0.5324 
256  -1.7172  -0.5446 
257  -1.7164  -0.5578 
258  -1.7028  -0.555 
259  -1.7096  -0.5584 
260  -1.704  -0.5544 
261  -1.6916  -0.5552 
262  -1.6672  -0.5438 
263  -1.6556  -0.5424 
264  -1.6748  -0.5548 
265  -1.6744  -0.5558 
266  -1.6876  -0.5634 
267  -1.7064  -0.5724 
268  -1.6776  -0.57 
269  -1.708  -0.581 
270  -1.6728  -0.5792 
271  -1.694  -0.5842 
272  -1.6636  -0.5874 
273  -1.662  -0.5828 
274  -1.6508  -0.594 
275  -1.6888  -0.6064 
276  -1.7228  -0.6138 
277  -1.6984  -0.6198 
278  -1.6896  -0.6242 
279  -1.71  -0.6314 
280  -1.6936  -0.6242 
281  -1.726  -0.6418 
282  -1.7316  -0.6492 
283  -1.7136  -0.6326 
284  -1.71  -0.6452 
285  -1.7016  -0.6504 
286  -1.6908  -0.639 
287  -1.7008  -0.621 
288  -1.7016  -0.6224 
289  -1.674  -0.6214 
290  -1.6924  -0.6296 
291  -1.6904  -0.6194 
292  -1.6768  -0.6248 
293  -1.7144  -0.6274 
294  -1.7204  -0.6382 
295  -1.7108  -0.6486 
296  -1.7008  -0.6492 
297  -1.6928  -0.6532 
298  -1.6892  -0.6454 
299  -1.7192  -0.639 
300  -1.714  -0.6578 
301  -1.6892  -0.6554 
302  -1.688  -0.6596 
303  -1.7036  -0.6718 
304  -1.7056  -0.6632 
305  -1.6808  -0.66 
306  -1.6988  -0.6682 
307  -1.682  -0.6618 
308  -1.698  -0.6746 
309  -1.6812  -0.6726 
310  -1.686  -0.6864 
311  -1.6924  -0.6942 
312  -1.6888  -0.693 
313  -1.6776  -0.7 
314  -1.6704  -0.69 
315  -1.6892  -0.6962 
316  -1.7052  -0.7092 
317  -1.7116  -0.711 
318  -1.7216  -0.7 
319  -1.722  -0.7082 
320  -1.702  -0.6998 
321  -1.7228  -0.7132 
322  -1.7212  -0.7096 
323  -1.7164  -0.7052 
324  -1.7348  -0.7162 
325  -1.664  -0.6904 
326  -1.6884  -0.7118 
327  -1.7364  -0.7284 
328  -1.7004  -0.7174 
329  -1.7036  -0.7214 
330  -1.6908  -0.7184 
331  -1.716  -0.7262 
332  -1.702  -0.7388 
333  -1.7092  -0.7434 
334  -1.7016  -0.746 
335  -1.6872  -0.7416 
336  -1.6824  -0.7356 
337  -1.7224  -0.7478 
338  -1.7216  -0.7418 
339  -1.7128  -0.745 
340  -1.7084  -0.751 
341  -1.6944  -0.7406 
342  -1.6984  -0.7524 
343  -1.7184  -0.7514 
344  -1.7236  -0.764 
345  -1.7184  -0.7656 
346  -1.7128  -0.7764 
347  -1.7076  -0.7776 
348  -1.7004  -0.779 
349  -1.6876  -0.7744 
350  -1.7052  -0.7784 
351  -1.7232  -0.7892 
352  -1.696  -0.778 
353  -1.6952  -0.7832 
354  -1.6984  -0.7886 
355  -1.7016  -0.7918 
356  -1.722  -0.807 
357  -1.7552  -0.8258 
358  -1.7492  -0.825 
359  -1.748  -0.8176 
360  -1.7144  -0.8122 
361  -1.6912  -0.8092 
362  -1.7096  -0.8118 
363  -1.7172  -0.8208 
364  -1.7184  -0.816 
365  -1.7076  -0.821 
366  -1.726  -0.839 
367  -1.7256  -0.8278 
368  -1.7192  -0.8316 
369  -1.7228  -0.843 
370  -1.7216  -0.8462 
371  -1.7208  -0.8388 
372  -1.7252  -0.8432 
373  -1.7152  -0.8402 
374  -1.7504  -0.861 
375  -1.7244  -0.8516 
376  -1.7268  -0.852 
377  -1.7372  -0.8456 
378  -1.7296  -0.8462 
379  -1.696  -0.8346 
380  -1.7096  -0.8346 
381  -1.7016  -0.8332 
382  -1.7036  -0.8412 
383  -1.7348  -0.8502 
384  -1.746  -0.8578 
385  -1.7228  -0.848 
386  -1.712  -0.843 
387  -1.7316  -0.8556 
388  -1.7364  -0.8632 
389  -1.7312  -0.8624 
390  -1.7404  -0.8748 
391  -1.738  -0.8832 
392  -1.7368  -0.8858 
393  -1.746  -0.8874 
394  -1.7264  -0.8896 
395  -1.7676  -0.8998 
396  -1.7544  -0.9002 
397  -1.7284  -0.888 
398  -1.7676  -0.9 
399  -1.7692  -0.9068 
400  -1.7432  -0.9036 
401  -1.7516  -0.913 
402  -1.7368  -0.907 
403  -1.7416  -0.9028 
404  -1.7204  -0.891 
405  -1.7044  -0.8906 
406  -1.752  -0.9076 
407  -1.7308  -0.8982 
408  -1.7184  -0.8932 
409  -1.736  -0.9074 
410  -1.7512  -0.9178 
411  -1.7088  -0.8996 
412  -1.7152  -0.8962 
413  -1.7472  -0.905 
414  -1.74  -0.9024 
415  -1.7328  -0.9014 
416  -1.7328  -0.8976 
417  -1.7516  -0.9076 
418  -1.724  -0.9042 
419  -1.7672  -0.922 
420  -1.7652  -0.9222 
421  -1.7832  -0.932 
422  -1.7516  -0.915 
423  -1.7576  -0.9154 
424  -1.7404  -0.91 
425  -1.7648  -0.9176 
426  -1.75  -0.9106 
427  -1.7412  -0.9068 
428  -1.7456  -0.9088 
429  -1.7608  -0.9156 
430  -1.726  -0.9066 
431  -1.7392  -0.9084 
432  -1.7448  -0.9048 
433  -1.7332  -0.9068 
434  -1.7372  -0.9088 
435  -1.7516  -0.9142 
436  -1.7408  -0.9102 
437  -1.7444  -0.9096 
438  -1.7456  -0.909 
439  -1.732  -0.9054 
440  -1.754  -0.9128 
441  -1.7476  -0.91 
442  -1.7472  -0.9188 
443  -1.7448  -0.9102 
444  -1.732  -0.9078 
445  -1.74  -0.9104 
446  -1.724  -0.9074 
447  -1.7356  -0.906 
448  -1.7296  -0.9042 
449  -1.7228  -0.9048 
450  -1.716  -0.9024 
451  -1.7516  -0.9148 
452  -1.7288  -0.9108 
453  -1.758  -0.917 
454  -1.7572  -0.9158 
455  -1.764  -0.9132 
456  -1.7536  -0.9134 
457  -1.7264  -0.8982 
458  -1.75  -0.9068 
459  -1.7396  -0.9074 
460  -1.7572  -0.919 
461  -1.7628  -0.9226 
462  -1.7888  -0.932 
463  -1.7704  -0.9256 
464  -1.7564  -0.9124 
465  -1.7532  -0.9144 
466  -1.744  -0.9106 
467  -1.7416  -0.9052 
468  -1.7384  -0.903 
469  -1.7388  -0.9082 
470  -1.74  -0.9044 
471  -1.746  -0.909 
472  -1.7272  -0.9018 
473  -1.7384  -0.9086 
474  -1.7264  -0.9064 
475  -1.7232  -0.9088 
476  -1.7336  -0.9034 
477  -1.7304  -0.9026 
478  -1.7588  -0.92 
479  -1.7292  -0.9054 
480  -1.752  -0.9146 
481  -1.7512  -0.9176 
482  -1.7656  -0.9192 
483  -1.7604  -0.9196 
484  -1.74  -0.9098 
485  -1.7488  -0.9148 
486  -1.7564  -0.9178 
487  -1.7332  -0.914 
488  -1.7536  -0.9172 
489  -1.7612  -0.9202 
490  -1.7412  -0.9142 
491  -1.7452  -0.9162 
492  -1.7484  -0.9166 
493  -1.7636  -0.9216 
494  -1.726  -0.9072 
495  -1.7544  -0.9098 
496  -1.7452  -0.9094 
497  -1.74  -0.9146 
498  -1.7812  -0.9298 
499  -1.7736  -0.9256 
500  -1.754  -0.9158 
501  -1.7516  -0.9164 
502  -1.7712  -0.9218 
503  -1.7492  -0.9134 
504  -1.7748  -0.925 
505  -1.7712  -0.9224 
506  -1.7748  -0.928 
507  -1.7692  -0.9214 
508  -1.7524  -0.911 
509  -1.77  -0.9196 
510  -1.7776  -0.9236 
511  -1.7672  -0.9184 
512  -1.7752  -0.9224 
513  -1.7644  -0.92 
514  -1.7608  -0.922 
515  -1.7628  -0.9222 
516  -1.7472  -0.9138 
517  -1.7384  -0.9108 
518  -1.7504  -0.9176 
519  -1.7596  -0.921 
520  -1.7696  -0.9212 
521  -1.7668  -0.9182 
522  -1.7428  -0.9014 
523  -1.746  -0.9044 
524  -1.7424  -0.903 
525  -1.7368  -0.8958 
526  -1.7204  -0.8848 
527  -1.7196  -0.8842 
528  -1.7464  -0.8952 
529  -1.728  -0.891 
530  -1.7124  -0.8868 
531  -1.71  -0.8948 
532  -1.7548  -0.914 
533  -1.7356  -0.9086 
534  -1.72  -0.8984 
535  -1.7288  -0.902 
536  -1.7492  -0.9118 
537  -1.752  -0.9142 
538  -1.7536  -0.9122 
539  -1.7372  -0.909 
540  -1.7456  -0.9132 
541  -1.74  -0.9096 
542  -1.752  -0.9146 
543  -1.716  -0.9052 
544  -1.7192  -0.901 
545  -1.7224  -0.9044 
546  -1.7244  -0.9026 
547  -1.7196  -0.898 
548  -1.7336  -0.9058 
549  -1.738  -0.9056 
550  -1.7556  -0.9152 
551  -1.746  -0.9066 
552  -1.7316  -0.901 
553  -1.7188  -0.8992 
554  -1.7484  -0.9132 
555  -1.7384  -0.902 
556  -1.7244  -0.8948 
557  -1.732  -0.8928 
558  -1.7512  -0.9066 
559  -1.768  -0.9172 
560  -1.768  -0.9196 
561  -1.764  -0.9152 
562  -1.7296  -0.9034 
563  -1.72  -0.8964 
564  -1.7396  -0.9038 
565  -1.7312  -0.902 
566  -1.752  -0.9102 
567  -1.7416  -0.9038 
568  -1.7316  -0.9048 
569  -1.7436  -0.9082 
570  -1.7564  -0.9094 
571  -1.7296  -0.8974 
572  -1.7464  -0.8994 
573  -1.734  -0.8946 
574  -1.736  -0.895 
575  -1.7544  -0.9062 
576  -1.7516  -0.9072 
577  -1.7476  -0.9066 
578  -1.7372  -0.9034 
579  -1.7352  -0.9104 
580  -1.7476  -0.909 
581  -1.7492  -0.9106 
582  -1.7408  -0.913 
583  -1.7364  -0.9092 
584  -1.7136  -0.8982 
585  -1.75  -0.9108 
586  -1.7392  -0.9152 
587  -1.748  -0.9146 
588  -1.7548  -0.9178 
589  -1.74  -0.9162 
590  -1.7496  -0.9172 
591  -1.7556  -0.9198 
592  -1.7528  -0.9198 
593  -1.7248  -0.9108 
594  -1.768  -0.924 
595  -1.762  -0.9164 
596  -1.7472  -0.9094 
597  -1.7508  -0.9128 
598  -1.7516  -0.92 
599  -1.77  -0.9228 
600  -1.7616  -0.9222 
601  -1.7564  -0.9212 
602  -1.7764  -0.9256 
603  -1.7772  -0.9258 
604  -1.7752  -0.9252 
605  -1.7308  -0.9066 
606  -1.7104  -0.8968 
607  -1.7464  -0.9132 
608  -1.7492  -0.9116 
609  -1.7716  -0.921 
610  -1.758  -0.9228 
611  -1.7712  -0.9204 
612  -1.7688  -0.9202 
613  -1.7356  -0.9092 
614  -1.71  -0.8998 
615  -1.7352  -0.9114 
616  -1.7324  -0.9052 
617  -1.744  -0.9072 
618  -1.7476  -0.9134 
619  -1.7504  -0.9158 
620  -1.7312  -0.9062 
621  -1.7364  -0.913 
622  -1.7332  -0.908 
623  -1.732  -0.9012 
624  -1.7528  -0.9144 
625  -1.7436  -0.914 
626  -1.7632  -0.9228 
627  -1.744  -0.9144 
628  -1.738  -0.9072 
629  -1.7168  -0.8984 
630  -1.7208  -0.9008 
631  -1.75  -0.9114 
632  -1.726  -0.8992 
633  -1.7168  -0.8906 
634  -1.7032  -0.8742 
635  -1.7264  -0.8952 
636  -1.744  -0.9012 
637  -1.7384  -0.903 
638  -1.736  -0.9032 
639  -1.7344  -0.9084 
640  -1.7492  -0.9096 
641  -1.7524  -0.9154 
642  -1.7376  -0.909 
643  -1.7512  -0.9152 
644  -1.722  -0.8984 
645  -1.7388  -0.9024 
646  -1.724  -0.9046 
647  -1.7428  -0.909 
648  -1.7412  -0.9068 
649  -1.7456  -0.91 
650  -1.7368  -0.9082 
651  -1.7596  -0.9224 
652  -1.7356  -0.9082 
653  -1.744  -0.9156 
654  -1.758  -0.917 
655  -1.7604  -0.9212 
656  -1.7428  -0.916 
657  -1.78  -0.9252 
658  -1.7428  -0.9174 
659  -1.7748  -0.9256 
660  -1.7668  -0.9278 
661  -1.7716  -0.9274 
662  -1.7784  -0.9298 
663  -1.7504  -0.915 
664  -1.7408  -0.9162 
665  -1.7392  -0.9134 
666  -1.7216  -0.9086 
667  -1.7308  -0.9044 
668  -1.718  -0.8966 
669  -1.7172  -0.9022 
670  -1.7396  -0.9126 
671  -1.728  -0.9114 
672  -1.736  -0.911 
673  -1.7428  -0.9086 
674  -1.7388  -0.9064 
675  -1.7632  -0.9194 
676  -1.7544  -0.9146 
677  -1.734  -0.907 
678  -1.7448  -0.9098 
679  -1.7452  -0.9068 
680  -1.6996  -0.888 
681  -1.6924  -0.8872 
682  -1.7212  -0.8934 
683  -1.736  -0.9004 
684  -1.7368  -0.9026 
685  -1.7352  -0.907 
686  -1.7352  -0.9066 
687  -1.7496  -0.9108 
688  -1.7632  -0.912 
689  -1.7536  -0.9062 
690  -1.76  -0.9108 
691  -1.6976  -0.889 
692  -1.7128  -0.8972 
693  -1.7436  -0.907 
694  -1.7288  -0.902 
695  -1.7716  -0.9242 
696  -1.7572  -0.9198 
697  -1.772  -0.926 
698  -1.7264  -0.908 
699  -1.7432  -0.9094 
700  -1.738  -0.9062 
701  -1.704  -0.8928 
702  -1.7088  -0.8886 
703  -1.7244  -0.8964 
704  -1.7248  -0.8992 
705  -1.734  -0.9016 
706  -1.7132  -0.8976 
707  -1.7348  -0.9078 
708  -1.72  -0.8992 
709  -1.7492  -0.9118 
710  -1.7852  -0.928 
711  -1.7396  -0.912 
712  -1.7472  -0.9128 
713  -1.7424  -0.911 
714  -1.7456  -0.9108 
715  -1.7424  -0.9106 
716  -1.7316  -0.909 
717  -1.7316  -0.9094 
718  -1.7508  -0.9202 
719  -1.7612  -0.9212 
720  -1.7492  -0.9156 
721  -1.7412  -0.9128 
722  -1.7472  -0.9092 
723  -1.7248  -0.8928 
724  -1.7248  -0.8968 
725  -1.7244  -0.904 
726  -1.732  -0.9058 
727  -1.7532  -0.9138 
728  -1.7432  -0.9128 
729  -1.732  -0.9078 
730  -1.7608  -0.9212 
731  -1.7508  -0.9186 
732  -1.7516  -0.9168 
733  -1.7424  -0.909 
734  -1.7508  -0.9108 
735  -1.7548  -0.9168 
736  -1.7668  -0.922 
737  -1.7564  -0.9248 
738  -1.7324  -0.9084 
739  -1.7612  -0.9186 
740  -1.7504  -0.9146 
741  -1.7672  -0.9204 
742  -1.7448  -0.9116 
743  -1.7648  -0.9276 
744  -1.732  -0.9078 
745  -1.7376  -0.911 
746  -1.7428  -0.9132 
747  -1.7748  -0.9254 
748  -1.778  -0.9264 
749  -1.7636  -0.9228 
750  -1.746  -0.9148 
751  -1.7408  -0.9108 
752  -1.7536  -0.9138 
753  -1.7276  -0.9062 
754  -1.7516  -0.9146 
755  -1.7272  -0.9052 
756  -1.754  -0.914 
757  -1.7364  -0.9058 
758  -1.7136  -0.8984 
759  -1.6984  -0.893 
760  -1.7452  -0.907 
761  -1.7164  -0.8942 
762  -1.738  -0.9068 
763  -1.7432  -0.9108 
764  -1.758  -0.92 
765  -1.754  -0.9166 
766  -1.7308  -0.911 
767  -1.7384  -0.9092 
768  -1.7512  -0.9194 
769  -1.7548  -0.92 
770  -1.7652  -0.9244 
771  -1.7404  -0.917 
772  -1.732  -0.9094 
773  -1.7404  -0.9096 
774  -1.7332  -0.9116 
775  -1.7612  -0.9218 
776  -1.7524  -0.9188 
777  -1.7416  -0.9144 
778  -1.7596  -0.9214 
779  -1.7612  -0.923 
780  -1.7444  -0.9154 
781  -1.7396  -0.9152 
782  -1.7424  -0.909 
783  -1.716  -0.9022 
784  -1.7368  -0.9086 
785  -1.7368  -0.9108 
786  -1.7232  -0.903 
787  -1.7036  -0.8954 
788  -1.7432  -0.911 
789  -1.7408  -0.9082 
790  -1.7284  -0.9022 
791  -1.7216  -0.9056 
792  -1.7188  -0.9056 
793  -1.7492  -0.9068 
794  -1.7416  -0.9092 
795  -1.7536  -0.9106 
796  -1.736  -0.9078 
797  -1.7388  -0.9142 
798  -1.7584  -0.9172 
799  -1.7656  -0.9188 
800  -1.726  -0.9038 
801  -1.764  -0.913 
802  -1.7488  -0.912 
803  -1.728  -0.9082 
804  -1.7308  -0.9096 
805  -1.7568  -0.9138 
806  -1.7516  -0.9108 
807  -1.738  -0.9054 
808  -1.7316  -0.9068 
809  -1.764  -0.921 
810  -1.7908  -0.9298 
811  -1.7824  -0.9288 
812  -1.7868  -0.9328 
813  -1.7916  -0.9336 
814  -1.7808  -0.9302 
815  -1.7596  -0.917 
816  -1.7552  -0.9176 
817  -1.764  -0.9212 
818  -1.7556  -0.914 
819  -1.7468  -0.9152 
820  -1.7396  -0.9142 
821  -1.7596  -0.9158 
822  -1.764  -0.917 
823  -1.7676  -0.9154 
824  -1.7548  -0.9146 
825  -1.7508  -0.9162 
826  -1.7456  -0.9076 
827  -1.7228  -0.901 
828  -1.7216  -0.8998 
829  -1.7412  -0.9076 
830  -1.7528  -0.9128 
831  -1.766  -0.9146 
832  -1.7732  -0.9196 
833  -1.7684  -0.9168 
834  -1.7884  -0.9302 
835  -1.7736  -0.9266 
836  -1.7528  -0.9226 
837  -1.752  -0.9216 
838  -1.7276  -0.9024 
839  -1.726  -0.9004 
840  -1.732  -0.896 
841  -1.7424  -0.8982 
842  -1.7096  -0.8824 
843  -1.756  -0.8964 
844  -1.7212  -0.892 
845  -1.7204  -0.8894 
846  -1.7016  -0.8792 
847  -1.7056  -0.8808 
848  -1.742  -0.9022 
849  -1.73  -0.8998 
850  -1.7568  -0.9158 
851  -1.734  -0.9126 
852  -1.732  -0.9076 
853  -1.7388  -0.9088 
854  -1.7232  -0.903 
855  -1.7388  -0.9092 
856  -1.7396  -0.9048 
857  -1.7268  -0.8998 
858  -1.7332  -0.9038 
859  -1.722  -0.9022 
860  -1.776  -0.924 
861  -1.7652  -0.918 
862  -1.7296  -0.9056 
863  -1.7452  -0.9142 
864  -1.7792  -0.926 
865  -1.7436  -0.912 
866  -1.7312  -0.9138 
867  -1.7576  -0.9204 
868  -1.756  -0.9176 
869  -1.7668  -0.9242 
870  -1.7516  -0.9118 
871  -1.736  -0.9058 
872  -1.7476  -0.908 
873  -1.7472  -0.9118 
874  -1.7328  -0.9074 
875  -1.7452  -0.9064 
876  -1.7508  -0.9136 
877  -1.738  -0.91 
878  -1.7404  -0.9064 
879  -1.7368  -0.907 
880  -1.7288  -0.901 
881  -1.732  -0.9072 
882  -1.7212  -0.9014 
883  -1.7488  -0.912 
884  -1.7388  -0.9036 
885  -1.7392  -0.91 
886  -1.7472  -0.9098 
887  -1.746  -0.9112 
888  -1.7532  -0.915 
889  -1.76  -0.9202 
890  -1.7424  -0.9154 
891  -1.7664  -0.9212 
892  -1.6932  -0.9012 
893  -1.7388  -0.9128 
894  -1.726  -0.9062 
895  -1.7348  -0.9162 
896  -1.7432  -0.9154 
897  -1.748  -0.9112 
898  -1.7504  -0.919 
899  -1.7632  -0.9176 
900  -1.7624  -0.9172 
901  -1.7476  -0.911 
902  -1.7604  -0.9174 
903  -1.7616  -0.9204 
904  -1.7864  -0.9314 
905  -1.772  -0.9258 
906  -1.7656  -0.9214 
907  -1.756  -0.921 
908  -1.7748  -0.9268 
909  -1.75  -0.9144 
910  -1.7368  -0.907 
911  -1.7184  -0.9006 
912  -1.7436  -0.9106 
913  -1.7584  -0.9184 
914  -1.77  -0.9256 
915  -1.7628  -0.9226 
916  -1.7724  -0.9296 
917  -1.7548  -0.9168 
918  -1.756  -0.9196 
919  -1.7536  -0.9146 
920  -1.764  -0.9218 
921  -1.7608  -0.92 
922  -1.7604  -0.923 
923  -1.73  -0.9078 
924  -1.7612  -0.9206 
925  -1.7664  -0.9204 
926  -1.7836  -0.9244 
927  -1.7512  -0.9114 
928  -1.7468  -0.9098 
929  -1.7304  -0.9068 
930  -1.7388  -0.9138 
931  -1.7312  -0.911 
932  -1.754  -0.9136 
933  -1.7372  -0.9092 
934  -1.746  -0.9084 
935  -1.7564  -0.9088 
936  -1.7652  -0.9136 
937  -1.7448  -0.9072 
938  -1.7272  -0.906 
939  -1.7504  -0.9158 
940  -1.758  -0.9158 
941  -1.7568  -0.9128 
942  -1.748  -0.9106 
943  -1.73  -0.9036 
944  -1.7348  -0.9074 
945  -1.7628  -0.9216 
946  -1.7468  -0.9152 
947  -1.7456  -0.9154 
948  -1.7612  -0.9212 
949  -1.7572  -0.9216 
950  -1.7444  -0.914 
951  -1.7652  -0.9202 
952  -1.7448  -0.9104 
953  -1.7452  -0.914 
954  -1.7388  -0.9106 
955  -1.7308  -0.9036 
956  -1.7244  -0.9014 
957  -1.7152  -0.8958 
958  -1.7368  -0.9068 
959  -1.7476  -0.9146 
960  -1.7376  -0.9096 
961  -1.7428  -0.911 
962  -1.7152  -0.8996 
963  -1.7352  -0.9056 
964  -1.7404  -0.9066 
965  -1.748  -0.908 
966  -1.7448  -0.9054 
967  -1.7436  -0.911 
968  -1.7384  -0.9106 
969  -1.754  -0.9132 
970  -1.7596  -0.9172 
971  -1.7464  -0.9108 
972  -1.7252  -0.9062 
973  -1.7504  -0.9088 
974  -1.7624  -0.9132 
975  -1.736  -0.9008 
976  -1.7332  -0.9042 
977  -1.7456  -0.9102 
978  -1.7512  -0.9168 
979  -1.732  -0.9078 
980  -1.752  -0.9148 
981  -1.7608  -0.9188 
982  -1.7564  -0.9202 
983  -1.7488  -0.916 
984  -1.75  -0.9156 
985  -1.7504  -0.9164 
986  -1.7468  -0.9134 
987  -1.7436  -0.9116 
988  -1.7728  -0.921 
989  -1.7576  -0.9216 
990  -1.7688  -0.919 
991  -1.7704  -0.925 
992  -1.732  -0.9098 
993  -1.738  -0.9072 
994  -1.766  -0.9158 
995  -1.7408  -0.9074 
996  -1.7548  -0.917 
997  -1.7512  -0.9176 
998  -1.7804  -0.9302 
999  -1.7696  -0.9284 
