# mcs    C(t) 
0    0 
1    0.0007993600000000267 
2    -6.399999999961992e-07 
3    0.0007993600000000267 
4    0.0007993600000000267 
5    -6.399999999961992e-07 
6    0.0007993600000000267 
7    -6.399999999961992e-07 
8    0.0007993600000000267 
9    0.0007993600000000267 
10    -0.0008006399999999081 
11    -6.399999999961992e-07 
12    0.0007993600000000267 
13    -6.399999999961992e-07 
14    -6.399999999961992e-07 
15    -6.399999999961992e-07 
16    0.0007993600000000267 
17    -0.0008006399999999081 
18    -0.002400639999999954 
19    -0.0008006399999999081 
20    -6.399999999961992e-07 
21    -6.399999999961992e-07 
22    0.0007993600000000267 
23    -0.0008006399999999081 
24    -0.0008006399999999081 
25    -6.399999999961992e-07 
26    -0.0008006399999999081 
27    0.0007993600000000267 
28    -6.399999999961992e-07 
29    -0.001600639999999931 
30    -6.399999999961992e-07 
31    -0.001600639999999931 
32    -6.399999999961992e-07 
33    -6.399999999961992e-07 
34    0.0007993600000000267 
35    0.0007993600000000267 
36    -6.399999999961992e-07 
37    -6.399999999961992e-07 
38    0.0007993600000000267 
39    -6.399999999961992e-07 
40    0.0007993600000000267 
41    0.0007993600000000267 
42    0.0007993600000000267 
43    -0.0008006399999999081 
44    -6.399999999961992e-07 
45    -6.399999999961992e-07 
46    -6.399999999961992e-07 
47    0.0007993600000000267 
48    0.0007993600000000267 
49    -0.0008006399999999081 
50    -6.399999999961992e-07 
51    -6.399999999961992e-07 
52    -0.0008006399999999081 
53    0.0007993600000000267 
54    0.0007993600000000267 
55    -0.0008006399999999081 
56    0.0007993600000000267 
57    -0.0008006399999999081 
58    -6.399999999961992e-07 
59    -0.0008006399999999081 
60    -6.399999999961992e-07 
61    0.0007993600000000267 
62    -0.0008006399999999081 
63    -0.001600639999999931 
64    -0.002400639999999954 
65    -6.399999999961992e-07 
66    -6.399999999961992e-07 
67    -0.0008006399999999081 
68    -6.399999999961992e-07 
69    -0.001600639999999931 
70    -0.0008006399999999081 
71    -6.399999999961992e-07 
72    0.0007993600000000267 
73    -6.399999999961992e-07 
74    0.0007993600000000267 
75    0.0007993600000000267 
76    -6.399999999961992e-07 
77    -6.399999999961992e-07 
78    -6.399999999961992e-07 
79    0.0007993600000000267 
80    -6.399999999961992e-07 
81    0.0007993600000000267 
82    -6.399999999961992e-07 
83    -0.0008006399999999081 
84    0.0007993600000000267 
85    -0.0008006399999999081 
86    -0.0008006399999999081 
87    0.0007993600000000267 
88    0.0007993600000000267 
89    -0.0008006399999999081 
90    -6.399999999961992e-07 
91    0.0007993600000000267 
92    0.0007993600000000267 
93    -6.399999999961992e-07 
94    -6.399999999961992e-07 
95    -6.399999999961992e-07 
96    -6.399999999961992e-07 
97    -0.001600639999999931 
98    0.0007993600000000267 
99    0.0007993600000000267 
100    -6.399999999961992e-07 
101    0.0007993600000000267 
102    -0.0008006399999999081 
103    -6.399999999961992e-07 
104    0.0007993600000000267 
105    -0.001600639999999931 
106    -6.399999999961992e-07 
107    -6.399999999961992e-07 
108    -6.399999999961992e-07 
109    0.0007993600000000267 
110    -6.399999999961992e-07 
111    -6.399999999961992e-07 
112    -6.399999999961992e-07 
113    0.0007993600000000267 
114    0.0007993600000000267 
115    0.0007993600000000267 
116    0.0007993600000000267 
117    -6.399999999961992e-07 
118    -0.0008006399999999081 
119    -0.001600639999999931 
120    0.0007993600000000267 
121    0.0007993600000000267 
122    0.0007993600000000267 
123    0.0007993600000000267 
124    -6.399999999961992e-07 
125    0.0007993600000000267 
126    0.0007993600000000267 
127    -0.001600639999999931 
128    -0.0008006399999999081 
129    -6.399999999961992e-07 
130    -6.399999999961992e-07 
131    0.0007993600000000267 
132    -0.0008006399999999081 
133    0.0007993600000000267 
134    -0.0008006399999999081 
135    -0.0008006399999999081 
136    -6.399999999961992e-07 
137    -6.399999999961992e-07 
138    0.0007993600000000267 
139    -6.399999999961992e-07 
140    0.0007993600000000267 
141    -6.399999999961992e-07 
142    -0.001600639999999931 
143    0.0007993600000000267 
144    0.0007993600000000267 
145    0.0007993600000000267 
146    0.0007993600000000267 
147    -0.0008006399999999081 
148    -0.0008006399999999081 
149    -6.399999999961992e-07 
150    0.0007993600000000267 
151    0.0007993600000000267 
152    0.0007993600000000267 
153    -6.399999999961992e-07 
154    0.0007993600000000267 
155    -0.0008006399999999081 
156    -6.399999999961992e-07 
157    0.0007993600000000267 
158    -6.399999999961992e-07 
159    -6.399999999961992e-07 
160    -6.399999999961992e-07 
161    0.0007993600000000267 
162    0.0007993600000000267 
163    0.0007993600000000267 
164    0.0007993600000000267 
165    -6.399999999961992e-07 
166    0.0007993600000000267 
167    0.0007993600000000267 
168    -6.399999999961992e-07 
169    -0.001600639999999931 
170    -0.0008006399999999081 
171    -0.0008006399999999081 
172    0.0007993600000000267 
173    -0.001600639999999931 
174    -0.0008006399999999081 
175    0.0007993600000000267 
176    0.0007993600000000267 
177    0.0007993600000000267 
178    0.0007993600000000267 
179    0.0007993600000000267 
180    -6.399999999961992e-07 
181    0.0007993600000000267 
182    -0.0008006399999999081 
183    -0.0008006399999999081 
184    -0.001600639999999931 
185    0.0007993600000000267 
186    0.0007993600000000267 
187    0.0007993600000000267 
188    0.0007993600000000267 
189    0.0007993600000000267 
190    -6.399999999961992e-07 
191    -0.0008006399999999081 
192    0.0007993600000000267 
193    -6.399999999961992e-07 
194    -6.399999999961992e-07 
195    0.0007993600000000267 
196    -0.001600639999999931 
197    -6.399999999961992e-07 
198    -6.399999999961992e-07 
199    0.0007993600000000267 
200    -6.399999999961992e-07 
201    -6.399999999961992e-07 
202    -6.399999999961992e-07 
203    -6.399999999961992e-07 
204    -0.0008006399999999081 
205    -0.0008006399999999081 
206    0.0007993600000000267 
207    0.0007993600000000267 
208    -6.399999999961992e-07 
209    -6.399999999961992e-07 
210    -0.0008006399999999081 
211    0.0007993600000000267 
212    -6.399999999961992e-07 
213    -6.399999999961992e-07 
214    0.0007993600000000267 
215    -6.399999999961992e-07 
216    -6.399999999961992e-07 
217    -0.001600639999999931 
218    -6.399999999961992e-07 
219    -0.0008006399999999081 
220    0.0007993600000000267 
221    -6.399999999961992e-07 
222    -6.399999999961992e-07 
223    -6.399999999961992e-07 
224    -0.001600639999999931 
225    -6.399999999961992e-07 
226    0.0007993600000000267 
227    -6.399999999961992e-07 
228    -0.001600639999999931 
229    -0.0008006399999999081 
230    -6.399999999961992e-07 
231    0.0007993600000000267 
232    -6.399999999961992e-07 
233    0.0007993600000000267 
234    -0.0008006399999999081 
235    -6.399999999961992e-07 
236    0.0007993600000000267 
237    0.0007993600000000267 
238    -6.399999999961992e-07 
239    0.0007993600000000267 
240    -6.399999999961992e-07 
241    -6.399999999961992e-07 
242    -6.399999999961992e-07 
243    0.0007993600000000267 
244    -6.399999999961992e-07 
245    -0.001600639999999931 
246    -6.399999999961992e-07 
247    -6.399999999961992e-07 
248    0.0007993600000000267 
249    0.0007993600000000267 
250    -0.0008006399999999081 
251    0.0007993600000000267 
252    0.0007993600000000267 
253    0.0007993600000000267 
254    0.0007993600000000267 
255    0.0007993600000000267 
256    -6.399999999961992e-07 
257    0.0007993600000000267 
258    0.0007993600000000267 
259    -0.002400639999999954 
260    -0.001600639999999931 
261    -6.399999999961992e-07 
262    -6.399999999961992e-07 
263    -6.399999999961992e-07 
264    0.0007993600000000267 
265    -6.399999999961992e-07 
266    -0.0008006399999999081 
267    -6.399999999961992e-07 
268    -6.399999999961992e-07 
269    -0.0008006399999999081 
270    0.0007993600000000267 
271    -6.399999999961992e-07 
272    0.0007993600000000267 
273    -0.0008006399999999081 
274    0.0007993600000000267 
275    -6.399999999961992e-07 
276    0.0007993600000000267 
277    0.0007993600000000267 
278    0.0007993600000000267 
279    -6.399999999961992e-07 
280    0.0007993600000000267 
281    0.0007993600000000267 
282    0.0007993600000000267 
283    0.0007993600000000267 
284    -6.399999999961992e-07 
285    0.0007993600000000267 
286    0.0007993600000000267 
287    -0.0008006399999999081 
288    -6.399999999961992e-07 
289    -6.399999999961992e-07 
290    0.0007993600000000267 
291    -6.399999999961992e-07 
292    0.0007993600000000267 
293    -6.399999999961992e-07 
294    -6.399999999961992e-07 
295    -0.001600639999999931 
296    -0.0008006399999999081 
297    -6.399999999961992e-07 
298    -0.0008006399999999081 
299    -6.399999999961992e-07 
300    -0.0008006399999999081 
301    -0.001600639999999931 
302    -0.0008006399999999081 
303    -0.0008006399999999081 
304    -6.399999999961992e-07 
305    0.0007993600000000267 
306    0.0007993600000000267 
307    -6.399999999961992e-07 
308    0.0007993600000000267 
309    -6.399999999961992e-07 
310    -6.399999999961992e-07 
311    -0.0008006399999999081 
312    -0.001600639999999931 
313    0.0007993600000000267 
314    -6.399999999961992e-07 
315    -6.399999999961992e-07 
316    -6.399999999961992e-07 
317    -6.399999999961992e-07 
318    -6.399999999961992e-07 
319    0.0007993600000000267 
320    -0.0008006399999999081 
321    0.0007993600000000267 
322    -0.0008006399999999081 
323    -0.0008006399999999081 
324    0.0007993600000000267 
325    -6.399999999961992e-07 
326    0.0007993600000000267 
327    -0.001600639999999931 
328    -6.399999999961992e-07 
329    -6.399999999961992e-07 
330    -6.399999999961992e-07 
331    -6.399999999961992e-07 
332    0.0007993600000000267 
333    0.0007993600000000267 
334    0.0007993600000000267 
335    -6.399999999961992e-07 
336    -6.399999999961992e-07 
337    -6.399999999961992e-07 
338    0.0007993600000000267 
339    -6.399999999961992e-07 
340    -0.0008006399999999081 
341    -0.001600639999999931 
342    0.0007993600000000267 
343    0.0007993600000000267 
344    -6.399999999961992e-07 
345    -0.0008006399999999081 
346    -6.399999999961992e-07 
347    -6.399999999961992e-07 
348    -0.0008006399999999081 
349    -6.399999999961992e-07 
350    -6.399999999961992e-07 
351    0.0007993600000000267 
352    0.0007993600000000267 
353    0.0007993600000000267 
354    0.0007993600000000267 
355    -0.0008006399999999081 
356    0.0007993600000000267 
357    -0.002400639999999954 
358    0.0007993600000000267 
359    0.0007993600000000267 
360    -6.399999999961992e-07 
361    -6.399999999961992e-07 
362    0.0007993600000000267 
363    0.0007993600000000267 
364    0.0007993600000000267 
365    -6.399999999961992e-07 
366    -6.399999999961992e-07 
367    -6.399999999961992e-07 
368    -0.002400639999999954 
369    0.0007993600000000267 
370    0.0007993600000000267 
371    -6.399999999961992e-07 
372    -0.0008006399999999081 
373    0.0007993600000000267 
374    -0.002400639999999954 
375    -0.0008006399999999081 
376    -6.399999999961992e-07 
377    -6.399999999961992e-07 
378    -6.399999999961992e-07 
379    -0.0008006399999999081 
380    -6.399999999961992e-07 
381    -6.399999999961992e-07 
382    0.0007993600000000267 
383    0.0007993600000000267 
384    0.0007993600000000267 
385    0.0007993600000000267 
386    0.0007993600000000267 
387    -0.0008006399999999081 
388    0.0007993600000000267 
389    -6.399999999961992e-07 
390    -0.0008006399999999081 
391    0.0007993600000000267 
392    -0.002400639999999954 
393    -6.399999999961992e-07 
394    -0.0008006399999999081 
395    -6.399999999961992e-07 
396    0.0007993600000000267 
397    -0.001600639999999931 
398    -6.399999999961992e-07 
399    -6.399999999961992e-07 
400    0.0007993600000000267 
401    -6.399999999961992e-07 
402    -6.399999999961992e-07 
403    -0.0008006399999999081 
404    0.0007993600000000267 
405    -6.399999999961992e-07 
406    -6.399999999961992e-07 
407    0.0007993600000000267 
408    -0.0008006399999999081 
409    -6.399999999961992e-07 
410    0.0007993600000000267 
411    -6.399999999961992e-07 
412    0.0007993600000000267 
413    0.0007993600000000267 
414    -6.399999999961992e-07 
415    -6.399999999961992e-07 
416    -6.399999999961992e-07 
417    0.0007993600000000267 
418    0.0007993600000000267 
419    -6.399999999961992e-07 
420    0.0007993600000000267 
421    0.0007993600000000267 
422    -6.399999999961992e-07 
423    -0.001600639999999931 
424    -6.399999999961992e-07 
425    0.0007993600000000267 
426    0.0007993600000000267 
427    0.0007993600000000267 
428    -0.0008006399999999081 
429    0.0007993600000000267 
430    -6.399999999961992e-07 
431    -0.0008006399999999081 
432    0.0007993600000000267 
433    -0.0008006399999999081 
434    -6.399999999961992e-07 
435    -6.399999999961992e-07 
436    -0.0008006399999999081 
437    -6.399999999961992e-07 
438    -6.399999999961992e-07 
439    0.0007993600000000267 
440    -0.001600639999999931 
441    -0.0008006399999999081 
442    0.0007993600000000267 
443    -0.001600639999999931 
444    0.0007993600000000267 
445    -0.0008006399999999081 
446    -6.399999999961992e-07 
447    0.0007993600000000267 
448    0.0007993600000000267 
449    -6.399999999961992e-07 
450    -6.399999999961992e-07 
451    0.0007993600000000267 
452    -6.399999999961992e-07 
453    -6.399999999961992e-07 
454    -0.0008006399999999081 
455    -0.001600639999999931 
456    -6.399999999961992e-07 
457    0.0007993600000000267 
458    0.0007993600000000267 
459    0.0007993600000000267 
460    0.0007993600000000267 
461    -0.0008006399999999081 
462    -6.399999999961992e-07 
463    -0.001600639999999931 
464    -6.399999999961992e-07 
465    -6.399999999961992e-07 
466    -6.399999999961992e-07 
467    -0.002400639999999954 
468    -0.0008006399999999081 
469    -6.399999999961992e-07 
470    -0.0008006399999999081 
471    -6.399999999961992e-07 
472    -6.399999999961992e-07 
473    0.0007993600000000267 
474    -0.0008006399999999081 
475    -0.001600639999999931 
476    -0.0008006399999999081 
477    0.0007993600000000267 
478    0.0007993600000000267 
479    0.0007993600000000267 
480    0.0007993600000000267 
481    0.0007993600000000267 
482    0.0007993600000000267 
483    0.0007993600000000267 
484    0.0007993600000000267 
485    -0.0008006399999999081 
486    -0.002400639999999954 
487    0.0007993600000000267 
488    0.0007993600000000267 
489    0.0007993600000000267 
490    -6.399999999961992e-07 
491    0.0007993600000000267 
492    -6.399999999961992e-07 
493    0.0007993600000000267 
494    -0.001600639999999931 
495    -0.001600639999999931 
496    -0.0008006399999999081 
497    -6.399999999961992e-07 
498    -6.399999999961992e-07 
499    0.0007993600000000267 
500    -6.399999999961992e-07 
501    -0.001600639999999931 
502    0.0007993600000000267 
503    -6.399999999961992e-07 
504    -6.399999999961992e-07 
505    -0.001600639999999931 
506    -6.399999999961992e-07 
507    -6.399999999961992e-07 
508    0.0007993600000000267 
509    -6.399999999961992e-07 
510    -6.399999999961992e-07 
511    0.0007993600000000267 
512    -6.399999999961992e-07 
513    -0.0008006399999999081 
514    -6.399999999961992e-07 
515    -0.0008006399999999081 
516    -0.003200639999999977 
517    -6.399999999961992e-07 
518    -0.0008006399999999081 
519    0.0007993600000000267 
520    -6.399999999961992e-07 
521    -0.0008006399999999081 
522    -6.399999999961992e-07 
523    -6.399999999961992e-07 
524    0.0007993600000000267 
525    -0.0008006399999999081 
526    0.0007993600000000267 
527    -0.0008006399999999081 
528    0.0007993600000000267 
529    -0.0008006399999999081 
530    -0.0008006399999999081 
531    0.0007993600000000267 
532    -6.399999999961992e-07 
533    -6.399999999961992e-07 
534    0.0007993600000000267 
535    -6.399999999961992e-07 
536    -6.399999999961992e-07 
537    0.0007993600000000267 
538    -0.0008006399999999081 
539    0.0007993600000000267 
540    0.0007993600000000267 
541    0.0007993600000000267 
542    0.0007993600000000267 
543    0.0007993600000000267 
544    -6.399999999961992e-07 
545    0.0007993600000000267 
546    -6.399999999961992e-07 
547    -6.399999999961992e-07 
548    -0.0008006399999999081 
549    -6.399999999961992e-07 
550    0.0007993600000000267 
551    0.0007993600000000267 
552    0.0007993600000000267 
553    -6.399999999961992e-07 
554    0.0007993600000000267 
555    -0.001600639999999931 
556    -6.399999999961992e-07 
557    0.0007993600000000267 
558    -6.399999999961992e-07 
559    0.0007993600000000267 
560    -6.399999999961992e-07 
561    -0.0008006399999999081 
562    0.0007993600000000267 
563    -0.0008006399999999081 
564    0.0007993600000000267 
565    0.0007993600000000267 
566    -6.399999999961992e-07 
567    -6.399999999961992e-07 
568    -0.0008006399999999081 
569    -6.399999999961992e-07 
570    0.0007993600000000267 
571    -6.399999999961992e-07 
572    -6.399999999961992e-07 
573    0.0007993600000000267 
574    -0.0008006399999999081 
575    0.0007993600000000267 
576    0.0007993600000000267 
577    -6.399999999961992e-07 
578    -0.002400639999999954 
579    -0.001600639999999931 
580    -0.0008006399999999081 
581    -0.0008006399999999081 
582    -6.399999999961992e-07 
583    0.0007993600000000267 
584    -6.399999999961992e-07 
585    -6.399999999961992e-07 
586    -0.0008006399999999081 
587    -6.399999999961992e-07 
588    0.0007993600000000267 
589    0.0007993600000000267 
590    0.0007993600000000267 
591    0.0007993600000000267 
592    -6.399999999961992e-07 
593    -6.399999999961992e-07 
594    -6.399999999961992e-07 
595    0.0007993600000000267 
596    0.0007993600000000267 
597    0.0007993600000000267 
598    -0.0008006399999999081 
599    0.0007993600000000267 
600    0.0007993600000000267 
601    0.0007993600000000267 
602    0.0007993600000000267 
603    0.0007993600000000267 
604    0.0007993600000000267 
605    -0.001600639999999931 
606    0.0007993600000000267 
607    -6.399999999961992e-07 
608    -0.0008006399999999081 
609    -6.399999999961992e-07 
610    -6.399999999961992e-07 
611    0.0007993600000000267 
612    -6.399999999961992e-07 
613    0.0007993600000000267 
614    0.0007993600000000267 
615    -6.399999999961992e-07 
616    -0.001600639999999931 
617    -6.399999999961992e-07 
618    0.0007993600000000267 
619    -6.399999999961992e-07 
620    0.0007993600000000267 
621    -0.0008006399999999081 
622    0.0007993600000000267 
623    0.0007993600000000267 
624    0.0007993600000000267 
625    -6.399999999961992e-07 
626    -6.399999999961992e-07 
627    0.0007993600000000267 
628    -0.0008006399999999081 
629    0.0007993600000000267 
630    0.0007993600000000267 
631    -6.399999999961992e-07 
632    -6.399999999961992e-07 
633    -6.399999999961992e-07 
634    0.0007993600000000267 
635    -0.0008006399999999081 
636    0.0007993600000000267 
637    -0.001600639999999931 
638    -0.0008006399999999081 
639    -6.399999999961992e-07 
640    0.0007993600000000267 
641    0.0007993600000000267 
642    -6.399999999961992e-07 
643    0.0007993600000000267 
644    -6.399999999961992e-07 
645    -0.002400639999999954 
646    -6.399999999961992e-07 
647    -0.001600639999999931 
648    -6.399999999961992e-07 
649    -6.399999999961992e-07 
650    0.0007993600000000267 
651    -0.001600639999999931 
652    -6.399999999961992e-07 
653    0.0007993600000000267 
654    -6.399999999961992e-07 
655    -6.399999999961992e-07 
656    0.0007993600000000267 
657    -6.399999999961992e-07 
658    -0.0008006399999999081 
659    0.0007993600000000267 
660    0.0007993600000000267 
661    0.0007993600000000267 
662    -0.0008006399999999081 
663    -6.399999999961992e-07 
664    0.0007993600000000267 
665    -6.399999999961992e-07 
666    -0.0008006399999999081 
667    0.0007993600000000267 
668    -6.399999999961992e-07 
669    -6.399999999961992e-07 
670    -6.399999999961992e-07 
671    -0.0008006399999999081 
672    -6.399999999961992e-07 
673    -0.0008006399999999081 
674    -0.0008006399999999081 
675    -0.0008006399999999081 
676    -0.001600639999999931 
677    -6.399999999961992e-07 
678    -6.399999999961992e-07 
679    0.0007993600000000267 
680    0.0007993600000000267 
681    0.0007993600000000267 
682    -0.0008006399999999081 
683    -6.399999999961992e-07 
684    -6.399999999961992e-07 
685    0.0007993600000000267 
686    0.0007993600000000267 
687    0.0007993600000000267 
688    -6.399999999961992e-07 
689    -6.399999999961992e-07 
690    0.0007993600000000267 
691    -0.0008006399999999081 
692    -0.0008006399999999081 
693    -6.399999999961992e-07 
694    -0.0008006399999999081 
695    -0.0008006399999999081 
696    -6.399999999961992e-07 
697    -6.399999999961992e-07 
698    -6.399999999961992e-07 
699    -6.399999999961992e-07 
700    -0.001600639999999931 
701    0.0007993600000000267 
702    -6.399999999961992e-07 
703    -6.399999999961992e-07 
704    0.0007993600000000267 
705    -6.399999999961992e-07 
706    -0.0008006399999999081 
707    -0.0008006399999999081 
708    0.0007993600000000267 
709    -6.399999999961992e-07 
710    -6.399999999961992e-07 
711    0.0007993600000000267 
712    -6.399999999961992e-07 
713    0.0007993600000000267 
714    -0.001600639999999931 
715    0.0007993600000000267 
716    -6.399999999961992e-07 
717    -0.001600639999999931 
718    -6.399999999961992e-07 
719    0.0007993600000000267 
720    -6.399999999961992e-07 
721    0.0007993600000000267 
722    -6.399999999961992e-07 
723    0.0007993600000000267 
724    -0.002400639999999954 
725    0.0007993600000000267 
726    0.0007993600000000267 
727    0.0007993600000000267 
728    -6.399999999961992e-07 
729    -6.399999999961992e-07 
730    -6.399999999961992e-07 
731    -0.0008006399999999081 
732    0.0007993600000000267 
733    0.0007993600000000267 
734    -6.399999999961992e-07 
735    -6.399999999961992e-07 
736    0.0007993600000000267 
737    -0.001600639999999931 
738    0.0007993600000000267 
739    -6.399999999961992e-07 
740    -6.399999999961992e-07 
741    -0.0008006399999999081 
742    0.0007993600000000267 
743    0.0007993600000000267 
744    -6.399999999961992e-07 
745    0.0007993600000000267 
746    0.0007993600000000267 
747    0.0007993600000000267 
748    0.0007993600000000267 
749    -6.399999999961992e-07 
750    -6.399999999961992e-07 
751    -6.399999999961992e-07 
752    -0.0008006399999999081 
753    -6.399999999961992e-07 
754    -0.0008006399999999081 
755    -0.002400639999999954 
756    0.0007993600000000267 
757    -0.0008006399999999081 
758    0.0007993600000000267 
759    -6.399999999961992e-07 
760    0.0007993600000000267 
761    -6.399999999961992e-07 
762    0.0007993600000000267 
763    -6.399999999961992e-07 
764    -0.0008006399999999081 
765    -6.399999999961992e-07 
766    -6.399999999961992e-07 
767    -6.399999999961992e-07 
768    0.0007993600000000267 
769    -0.0008006399999999081 
770    0.0007993600000000267 
771    -6.399999999961992e-07 
772    -6.399999999961992e-07 
773    -0.0008006399999999081 
774    0.0007993600000000267 
775    -0.0008006399999999081 
776    0.0007993600000000267 
777    -0.001600639999999931 
778    -6.399999999961992e-07 
779    0.0007993600000000267 
780    0.0007993600000000267 
781    -0.0008006399999999081 
782    -6.399999999961992e-07 
783    0.0007993600000000267 
784    -0.0008006399999999081 
785    0.0007993600000000267 
786    -6.399999999961992e-07 
787    -6.399999999961992e-07 
788    -6.399999999961992e-07 
789    -0.0008006399999999081 
790    0.0007993600000000267 
791    -6.399999999961992e-07 
792    -6.399999999961992e-07 
793    0.0007993600000000267 
794    -0.0008006399999999081 
795    -0.0008006399999999081 
796    -0.0008006399999999081 
797    -6.399999999961992e-07 
798    0.0007993600000000267 
799    -6.399999999961992e-07 
800    0.0007993600000000267 
801    -0.0008006399999999081 
802    0.0007993600000000267 
803    0.0007993600000000267 
804    0.0007993600000000267 
805    -6.399999999961992e-07 
806    -0.0008006399999999081 
807    -6.399999999961992e-07 
808    0.0007993600000000267 
809    -6.399999999961992e-07 
810    0.0007993600000000267 
811    -6.399999999961992e-07 
812    -6.399999999961992e-07 
813    0.0007993600000000267 
814    0.0007993600000000267 
815    -0.0008006399999999081 
816    -6.399999999961992e-07 
817    -6.399999999961992e-07 
818    0.0007993600000000267 
819    0.0007993600000000267 
820    -0.0008006399999999081 
821    -0.0008006399999999081 
822    -0.001600639999999931 
823    -0.0008006399999999081 
824    0.0007993600000000267 
825    -6.399999999961992e-07 
826    -6.399999999961992e-07 
827    0.0007993600000000267 
828    -6.399999999961992e-07 
829    0.0007993600000000267 
830    0.0007993600000000267 
831    0.0007993600000000267 
832    -0.001600639999999931 
833    0.0007993600000000267 
834    -6.399999999961992e-07 
835    -6.399999999961992e-07 
836    -6.399999999961992e-07 
837    -6.399999999961992e-07 
838    0.0007993600000000267 
839    -0.0008006399999999081 
840    -6.399999999961992e-07 
841    -6.399999999961992e-07 
842    0.0007993600000000267 
843    0.0007993600000000267 
844    -6.399999999961992e-07 
845    -0.0008006399999999081 
846    -0.0008006399999999081 
847    0.0007993600000000267 
848    0.0007993600000000267 
849    -6.399999999961992e-07 
850    -0.001600639999999931 
851    0.0007993600000000267 
852    -6.399999999961992e-07 
853    -0.0008006399999999081 
854    -0.001600639999999931 
855    -6.399999999961992e-07 
856    0.0007993600000000267 
857    0.0007993600000000267 
858    0.0007993600000000267 
859    0.0007993600000000267 
860    -6.399999999961992e-07 
861    -6.399999999961992e-07 
862    0.0007993600000000267 
863    0.0007993600000000267 
864    -0.001600639999999931 
865    0.0007993600000000267 
866    0.0007993600000000267 
867    0.0007993600000000267 
868    0.0007993600000000267 
869    -6.399999999961992e-07 
870    -6.399999999961992e-07 
871    -0.0008006399999999081 
872    0.0007993600000000267 
873    -6.399999999961992e-07 
874    0.0007993600000000267 
875    0.0007993600000000267 
876    -0.0008006399999999081 
877    -6.399999999961992e-07 
878    0.0007993600000000267 
879    -0.0008006399999999081 
880    -6.399999999961992e-07 
881    0.0007993600000000267 
882    -0.002400639999999954 
883    -0.0008006399999999081 
884    0.0007993600000000267 
885    0.0007993600000000267 
886    0.0007993600000000267 
887    -0.0008006399999999081 
888    0.0007993600000000267 
889    -6.399999999961992e-07 
890    0.0007993600000000267 
891    0.0007993600000000267 
892    0.0007993600000000267 
893    -6.399999999961992e-07 
894    -0.001600639999999931 
895    -6.399999999961992e-07 
896    0.0007993600000000267 
897    -6.399999999961992e-07 
898    -6.399999999961992e-07 
899    -6.399999999961992e-07 
900    -6.399999999961992e-07 
901    -0.0008006399999999081 
902    0.0007993600000000267 
903    -6.399999999961992e-07 
904    0.0007993600000000267 
905    -6.399999999961992e-07 
906    -6.399999999961992e-07 
907    0.0007993600000000267 
908    -6.399999999961992e-07 
909    0.0007993600000000267 
910    -0.0008006399999999081 
911    -0.0008006399999999081 
912    0.0007993600000000267 
913    -0.002400639999999954 
914    -0.0008006399999999081 
915    0.0007993600000000267 
916    -0.0008006399999999081 
917    -6.399999999961992e-07 
918    0.0007993600000000267 
919    -6.399999999961992e-07 
920    -0.0008006399999999081 
921    -0.0008006399999999081 
922    -0.0008006399999999081 
923    0.0007993600000000267 
924    -0.001600639999999931 
925    -6.399999999961992e-07 
926    0.0007993600000000267 
927    -6.399999999961992e-07 
928    -6.399999999961992e-07 
929    0.0007993600000000267 
930    -0.0008006399999999081 
931    0.0007993600000000267 
932    -6.399999999961992e-07 
933    -6.399999999961992e-07 
934    -6.399999999961992e-07 
935    -0.0008006399999999081 
936    -6.399999999961992e-07 
937    0.0007993600000000267 
938    0.0007993600000000267 
939    -0.0008006399999999081 
940    -0.0008006399999999081 
941    -6.399999999961992e-07 
942    0.0007993600000000267 
943    -6.399999999961992e-07 
944    0.0007993600000000267 
945    -6.399999999961992e-07 
946    -0.0008006399999999081 
947    -6.399999999961992e-07 
948    -6.399999999961992e-07 
949    0.0007993600000000267 
950    -0.0008006399999999081 
951    0.0007993600000000267 
952    0.0007993600000000267 
953    -0.0008006399999999081 
954    -6.399999999961992e-07 
955    0.0007993600000000267 
956    -0.0008006399999999081 
957    0.0007993600000000267 
958    0.0007993600000000267 
959    -6.399999999961992e-07 
960    -0.0008006399999999081 
961    -0.002400639999999954 
962    -0.001600639999999931 
963    -6.399999999961992e-07 
964    -6.399999999961992e-07 
965    -6.399999999961992e-07 
966    -6.399999999961992e-07 
967    0.0007993600000000267 
968    0.0007993600000000267 
969    0.0007993600000000267 
970    0.0007993600000000267 
971    -0.0008006399999999081 
972    -0.0008006399999999081 
973    -0.001600639999999931 
974    -6.399999999961992e-07 
975    -6.399999999961992e-07 
976    -6.399999999961992e-07 
977    -6.399999999961992e-07 
978    -0.001600639999999931 
979    -0.002400639999999954 
980    -6.399999999961992e-07 
981    0.0007993600000000267 
982    -0.0008006399999999081 
983    0.0007993600000000267 
984    0.0007993600000000267 
985    0.0007993600000000267 
986    0.0007993600000000267 
987    0.0007993600000000267 
988    -6.399999999961992e-07 
989    0.0007993600000000267 
990    0.0007993600000000267 
991    0.0007993600000000267 
992    0.0007993600000000267 
993    0.0007993600000000267 
994    -6.399999999961992e-07 
995    -6.399999999961992e-07 
996    -6.399999999961992e-07 
997    -6.399999999961992e-07 
998    0.0007993600000000267 
999    0.0007993600000000267 
