# mcs    C(t) 
0    0 
1    0.00039936000000007077 
2    -6.399999999961992e-07 
3    0.0001993600000000928 
4    -6.399999999961992e-07 
5    0.0001993600000000928 
6    0.0001993600000000928 
7    0.0001993600000000928 
8    -0.00020063999999997417 
9    -0.0006006399999999301 
10    0.00039936000000007077 
11    0.0005993600000000487 
12    -0.00020063999999997417 
13    -6.399999999961992e-07 
14    0.0007993600000000267 
15    0.0001993600000000928 
16    0.0001993600000000928 
17    0.00039936000000007077 
18    -0.00040063999999995215 
19    -0.00020063999999997417 
20    -0.00020063999999997417 
21    0.0001993600000000928 
22    -0.00020063999999997417 
23    -0.00020063999999997417 
24    -6.399999999961992e-07 
25    -0.00040063999999995215 
26    -0.0006006399999999301 
27    -0.00020063999999997417 
28    0.00039936000000007077 
29    0.0001993600000000928 
30    0.00039936000000007077 
31    0.00039936000000007077 
32    0.00039936000000007077 
33    0.0001993600000000928 
34    -0.0006006399999999301 
35    -6.399999999961992e-07 
36    -6.399999999961992e-07 
37    -0.00040063999999995215 
38    0.0001993600000000928 
39    -6.399999999961992e-07 
40    0.0005993600000000487 
41    -6.399999999961992e-07 
42    -0.00040063999999995215 
43    0.0001993600000000928 
44    0.0001993600000000928 
45    -6.399999999961992e-07 
46    0.00039936000000007077 
47    0.0005993600000000487 
48    0.0001993600000000928 
49    -6.399999999961992e-07 
50    0.0001993600000000928 
51    0.0005993600000000487 
52    0.0005993600000000487 
53    0.0001993600000000928 
54    0.0005993600000000487 
55    0.00039936000000007077 
56    -0.00040063999999995215 
57    -0.0008006399999999081 
58    -6.399999999961992e-07 
59    -0.00020063999999997417 
60    0.00039936000000007077 
61    0.0001993600000000928 
62    0.0001993600000000928 
63    -6.399999999961992e-07 
64    -6.399999999961992e-07 
65    0.0005993600000000487 
66    -6.399999999961992e-07 
67    0.0007993600000000267 
68    -6.399999999961992e-07 
69    -0.00040063999999995215 
70    -0.00040063999999995215 
71    -0.00040063999999995215 
72    -6.399999999961992e-07 
73    -0.00020063999999997417 
74    -0.00040063999999995215 
75    -0.00020063999999997417 
76    0.00039936000000007077 
77    0.00039936000000007077 
78    -6.399999999961992e-07 
79    -6.399999999961992e-07 
80    -0.0006006399999999301 
81    -6.399999999961992e-07 
82    0.0001993600000000928 
83    0.00039936000000007077 
84    0.0001993600000000928 
85    0.0001993600000000928 
86    -6.399999999961992e-07 
87    0.0007993600000000267 
88    0.0001993600000000928 
89    -6.399999999961992e-07 
90    0.0005993600000000487 
91    0.0007993600000000267 
92    0.00039936000000007077 
93    -6.399999999961992e-07 
94    -6.399999999961992e-07 
95    0.00039936000000007077 
96    0.00039936000000007077 
97    -6.399999999961992e-07 
98    -0.00040063999999995215 
99    0.00039936000000007077 
100    -0.00020063999999997417 
101    -0.0006006399999999301 
102    0.00039936000000007077 
103    0.0001993600000000928 
104    0.0005993600000000487 
105    0.0001993600000000928 
106    0.0001993600000000928 
107    -0.00040063999999995215 
108    0.0001993600000000928 
109    -6.399999999961992e-07 
110    -0.00040063999999995215 
111    0.0005993600000000487 
112    -0.00020063999999997417 
113    -0.0006006399999999301 
114    0.00039936000000007077 
115    -6.399999999961992e-07 
116    -6.399999999961992e-07 
117    0.00039936000000007077 
118    0.0001993600000000928 
119    0.00039936000000007077 
120    0.0005993600000000487 
121    0.0005993600000000487 
122    -6.399999999961992e-07 
123    -0.00020063999999997417 
124    0.00039936000000007077 
125    -6.399999999961992e-07 
126    -0.00020063999999997417 
127    -0.00020063999999997417 
128    -6.399999999961992e-07 
129    0.0001993600000000928 
130    -6.399999999961992e-07 
131    -0.00040063999999995215 
132    -0.00020063999999997417 
133    0.00039936000000007077 
134    -0.00040063999999995215 
135    0.0001993600000000928 
136    -0.00020063999999997417 
137    -6.399999999961992e-07 
138    0.0001993600000000928 
139    0.00039936000000007077 
140    0.0005993600000000487 
141    0.0001993600000000928 
142    0.0001993600000000928 
143    0.0005993600000000487 
144    0.0005993600000000487 
145    -0.00020063999999997417 
146    -0.00040063999999995215 
147    -0.00040063999999995215 
148    -0.00040063999999995215 
149    0.0001993600000000928 
150    -6.399999999961992e-07 
151    0.00039936000000007077 
152    -0.0008006399999999081 
153    -6.399999999961992e-07 
154    0.00039936000000007077 
155    0.0007993600000000267 
156    0.00039936000000007077 
157    0.0005993600000000487 
158    0.00039936000000007077 
159    0.0001993600000000928 
160    -0.001200639999999975 
161    0.0001993600000000928 
162    0.0005993600000000487 
163    0.0005993600000000487 
164    -6.399999999961992e-07 
165    0.0001993600000000928 
166    -0.00040063999999995215 
167    -0.0006006399999999301 
168    -0.00040063999999995215 
169    0.0001993600000000928 
170    0.00039936000000007077 
171    -0.00040063999999995215 
172    -6.399999999961992e-07 
173    0.0005993600000000487 
174    0.00039936000000007077 
175    -6.399999999961992e-07 
176    0.00039936000000007077 
177    -6.399999999961992e-07 
178    0.0001993600000000928 
179    -6.399999999961992e-07 
180    -6.399999999961992e-07 
181    0.0001993600000000928 
182    -6.399999999961992e-07 
183    -6.399999999961992e-07 
184    -0.001200639999999975 
185    0.0001993600000000928 
186    -6.399999999961992e-07 
187    0.0007993600000000267 
188    0.00039936000000007077 
189    -6.399999999961992e-07 
190    0.0007993600000000267 
191    -0.00040063999999995215 
192    0.0001993600000000928 
193    0.0001993600000000928 
194    0.0001993600000000928 
195    -0.00040063999999995215 
196    0.0001993600000000928 
197    0.0007993600000000267 
198    0.00039936000000007077 
199    -0.00040063999999995215 
200    -0.00040063999999995215 
201    0.0005993600000000487 
202    0.0001993600000000928 
203    -6.399999999961992e-07 
204    0.00039936000000007077 
205    -0.001000639999999997 
206    -0.001000639999999997 
207    0.00039936000000007077 
208    0.0005993600000000487 
209    0.00039936000000007077 
210    -0.00020063999999997417 
211    -6.399999999961992e-07 
212    0.00039936000000007077 
213    0.0007993600000000267 
214    0.0001993600000000928 
215    0.0001993600000000928 
216    0.0007993600000000267 
217    -6.399999999961992e-07 
218    -0.0006006399999999301 
219    0.0001993600000000928 
220    -0.0006006399999999301 
221    -0.00020063999999997417 
222    -0.00020063999999997417 
223    -0.0006006399999999301 
224    0.00039936000000007077 
225    -0.00020063999999997417 
226    -6.399999999961992e-07 
227    0.00039936000000007077 
228    -0.00020063999999997417 
229    -6.399999999961992e-07 
230    0.0001993600000000928 
231    0.0005993600000000487 
232    -0.0006006399999999301 
233    -6.399999999961992e-07 
234    -0.00040063999999995215 
235    -6.399999999961992e-07 
236    0.0001993600000000928 
237    0.0001993600000000928 
238    0.0005993600000000487 
239    0.0001993600000000928 
240    0.0005993600000000487 
241    0.0001993600000000928 
242    0.0001993600000000928 
243    -0.001000639999999997 
244    0.0005993600000000487 
245    -0.00020063999999997417 
246    0.0001993600000000928 
247    0.0001993600000000928 
248    -0.0006006399999999301 
249    0.0001993600000000928 
250    0.0007993600000000267 
251    0.0005993600000000487 
252    0.0005993600000000487 
253    0.00039936000000007077 
254    0.0001993600000000928 
255    0.00039936000000007077 
256    -0.00020063999999997417 
257    0.0001993600000000928 
258    -6.399999999961992e-07 
259    0.00039936000000007077 
260    0.00039936000000007077 
261    0.0001993600000000928 
262    -0.00040063999999995215 
263    0.0007993600000000267 
264    -0.001000639999999997 
265    -0.0006006399999999301 
266    -0.00020063999999997417 
267    0.0001993600000000928 
268    -0.00040063999999995215 
269    -6.399999999961992e-07 
270    0.00039936000000007077 
271    -0.00020063999999997417 
272    0.0001993600000000928 
273    0.0005993600000000487 
274    -0.00020063999999997417 
275    -6.399999999961992e-07 
276    0.0001993600000000928 
277    0.00039936000000007077 
278    0.00039936000000007077 
279    -0.00020063999999997417 
280    0.0005993600000000487 
281    -0.00040063999999995215 
282    0.0005993600000000487 
283    -0.00040063999999995215 
284    0.0001993600000000928 
285    0.0005993600000000487 
286    0.0001993600000000928 
287    0.00039936000000007077 
288    0.00039936000000007077 
289    -6.399999999961992e-07 
290    -0.00020063999999997417 
291    0.00039936000000007077 
292    -6.399999999961992e-07 
293    0.0001993600000000928 
294    0.0001993600000000928 
295    0.0005993600000000487 
296    0.0005993600000000487 
297    -0.0006006399999999301 
298    -6.399999999961992e-07 
299    -0.00020063999999997417 
300    0.00039936000000007077 
301    0.0001993600000000928 
302    0.0001993600000000928 
303    0.00039936000000007077 
304    -6.399999999961992e-07 
305    0.0001993600000000928 
306    -0.00020063999999997417 
307    0.0007993600000000267 
308    -6.399999999961992e-07 
309    0.0001993600000000928 
310    0.0007993600000000267 
311    0.00039936000000007077 
312    -0.00040063999999995215 
313    -6.399999999961992e-07 
314    0.0001993600000000928 
315    0.0001993600000000928 
316    -6.399999999961992e-07 
317    -0.00020063999999997417 
318    0.00039936000000007077 
319    0.0005993600000000487 
320    -0.0006006399999999301 
321    0.0005993600000000487 
322    0.00039936000000007077 
323    0.00039936000000007077 
324    -0.00020063999999997417 
325    0.0001993600000000928 
326    0.00039936000000007077 
327    -0.00020063999999997417 
328    0.00039936000000007077 
329    -0.00020063999999997417 
330    -0.001000639999999997 
331    -6.399999999961992e-07 
332    -0.00020063999999997417 
333    0.0001993600000000928 
334    -0.00020063999999997417 
335    -0.00040063999999995215 
336    0.0001993600000000928 
337    -6.399999999961992e-07 
338    0.0005993600000000487 
339    0.0007993600000000267 
340    -0.0006006399999999301 
341    -0.00020063999999997417 
342    -0.00020063999999997417 
343    -0.001000639999999997 
344    -6.399999999961992e-07 
345    0.0005993600000000487 
346    0.00039936000000007077 
347    -0.0006006399999999301 
348    -6.399999999961992e-07 
349    -6.399999999961992e-07 
350    -6.399999999961992e-07 
351    -0.00020063999999997417 
352    0.0001993600000000928 
353    0.00039936000000007077 
354    0.0005993600000000487 
355    0.00039936000000007077 
356    0.00039936000000007077 
357    -6.399999999961992e-07 
358    -6.399999999961992e-07 
359    0.0001993600000000928 
360    0.0007993600000000267 
361    0.00039936000000007077 
362    0.0007993600000000267 
363    0.0007993600000000267 
364    0.0007993600000000267 
365    0.0001993600000000928 
366    -6.399999999961992e-07 
367    -0.00040063999999995215 
368    0.00039936000000007077 
369    0.00039936000000007077 
370    0.0001993600000000928 
371    0.0005993600000000487 
372    0.0005993600000000487 
373    0.0001993600000000928 
374    -0.00020063999999997417 
375    -0.00020063999999997417 
376    0.00039936000000007077 
377    0.0001993600000000928 
378    0.0001993600000000928 
379    0.00039936000000007077 
380    -0.0006006399999999301 
381    0.0005993600000000487 
382    0.0007993600000000267 
383    0.00039936000000007077 
384    -0.00040063999999995215 
385    -0.00020063999999997417 
386    0.0001993600000000928 
387    0.00039936000000007077 
388    0.0005993600000000487 
389    -0.00020063999999997417 
390    -6.399999999961992e-07 
391    -6.399999999961992e-07 
392    -0.00040063999999995215 
393    -6.399999999961992e-07 
394    -0.00040063999999995215 
395    0.00039936000000007077 
396    0.0005993600000000487 
397    -6.399999999961992e-07 
398    -0.00020063999999997417 
399    0.0007993600000000267 
400    0.0001993600000000928 
401    0.00039936000000007077 
402    0.0001993600000000928 
403    -0.00020063999999997417 
404    -0.00020063999999997417 
405    -6.399999999961992e-07 
406    -6.399999999961992e-07 
407    -6.399999999961992e-07 
408    0.00039936000000007077 
409    0.0007993600000000267 
410    0.0005993600000000487 
411    -0.00020063999999997417 
412    0.0001993600000000928 
413    -6.399999999961992e-07 
414    0.00039936000000007077 
415    0.00039936000000007077 
416    -0.00020063999999997417 
417    -0.00040063999999995215 
418    0.00039936000000007077 
419    0.0001993600000000928 
420    -0.00020063999999997417 
421    -0.00020063999999997417 
422    -0.0006006399999999301 
423    -0.0008006399999999081 
424    -0.0008006399999999081 
425    0.0007993600000000267 
426    -6.399999999961992e-07 
427    0.00039936000000007077 
428    0.0001993600000000928 
429    -0.001000639999999997 
430    0.0001993600000000928 
431    0.0001993600000000928 
432    0.00039936000000007077 
433    0.00039936000000007077 
434    -0.00020063999999997417 
435    0.0005993600000000487 
436    0.00039936000000007077 
437    0.0007993600000000267 
438    -6.399999999961992e-07 
439    0.0005993600000000487 
440    0.0007993600000000267 
441    0.0007993600000000267 
442    0.00039936000000007077 
443    -0.00020063999999997417 
444    -0.00040063999999995215 
445    0.0001993600000000928 
446    -0.00040063999999995215 
447    0.00039936000000007077 
448    0.0001993600000000928 
449    0.00039936000000007077 
450    -6.399999999961992e-07 
451    0.00039936000000007077 
452    0.0001993600000000928 
453    0.0001993600000000928 
454    -0.00040063999999995215 
455    -6.399999999961992e-07 
456    -0.001400639999999953 
457    0.0001993600000000928 
458    0.00039936000000007077 
459    -6.399999999961992e-07 
460    -0.0006006399999999301 
461    -0.00020063999999997417 
462    -0.00020063999999997417 
463    0.0005993600000000487 
464    -6.399999999961992e-07 
465    -6.399999999961992e-07 
466    -0.00020063999999997417 
467    -6.399999999961992e-07 
468    0.00039936000000007077 
469    0.0001993600000000928 
470    0.0001993600000000928 
471    -0.00040063999999995215 
472    -0.0006006399999999301 
473    -0.00040063999999995215 
474    -0.00020063999999997417 
475    -6.399999999961992e-07 
476    -0.0006006399999999301 
477    0.0001993600000000928 
478    -0.00020063999999997417 
479    -6.399999999961992e-07 
480    -6.399999999961992e-07 
481    -0.00020063999999997417 
482    0.0001993600000000928 
483    -6.399999999961992e-07 
484    0.00039936000000007077 
485    0.00039936000000007077 
486    0.0005993600000000487 
487    0.00039936000000007077 
488    0.00039936000000007077 
489    0.0005993600000000487 
490    -6.399999999961992e-07 
491    0.0005993600000000487 
492    -0.00020063999999997417 
493    -6.399999999961992e-07 
494    0.0001993600000000928 
495    -0.00020063999999997417 
496    0.0007993600000000267 
497    0.00039936000000007077 
498    0.0001993600000000928 
499    0.00039936000000007077 
500    0.0005993600000000487 
501    -0.001200639999999975 
502    0.00039936000000007077 
503    0.0001993600000000928 
504    -0.00040063999999995215 
505    0.00039936000000007077 
506    -6.399999999961992e-07 
507    0.00039936000000007077 
508    0.0005993600000000487 
509    0.00039936000000007077 
510    0.0001993600000000928 
511    0.00039936000000007077 
512    0.0005993600000000487 
513    0.00039936000000007077 
514    -6.399999999961992e-07 
515    0.00039936000000007077 
516    -0.0008006399999999081 
517    -0.00040063999999995215 
518    -6.399999999961992e-07 
519    0.0007993600000000267 
520    0.0005993600000000487 
521    -0.00020063999999997417 
522    -0.00020063999999997417 
523    -6.399999999961992e-07 
524    -6.399999999961992e-07 
525    0.0001993600000000928 
526    0.00039936000000007077 
527    -0.0006006399999999301 
528    -6.399999999961992e-07 
529    -0.001200639999999975 
530    -0.0006006399999999301 
531    -0.00040063999999995215 
532    0.00039936000000007077 
533    -0.001000639999999997 
534    -0.00020063999999997417 
535    -6.399999999961992e-07 
536    -6.399999999961992e-07 
537    -0.00020063999999997417 
538    -0.0008006399999999081 
539    -0.001200639999999975 
540    0.00039936000000007077 
541    -0.00020063999999997417 
542    -0.00020063999999997417 
543    0.0005993600000000487 
544    0.0005993600000000487 
545    -0.00040063999999995215 
546    -0.00020063999999997417 
547    0.0001993600000000928 
548    -0.00020063999999997417 
549    -6.399999999961992e-07 
550    0.0005993600000000487 
551    0.00039936000000007077 
552    0.00039936000000007077 
553    -6.399999999961992e-07 
554    0.0005993600000000487 
555    0.0001993600000000928 
556    -0.00020063999999997417 
557    -0.00020063999999997417 
558    -0.00020063999999997417 
559    -0.0008006399999999081 
560    -6.399999999961992e-07 
561    -6.399999999961992e-07 
562    -0.00020063999999997417 
563    0.0001993600000000928 
564    -6.399999999961992e-07 
565    -0.00040063999999995215 
566    -6.399999999961992e-07 
567    -0.00040063999999995215 
568    0.0005993600000000487 
569    -0.00020063999999997417 
570    0.0001993600000000928 
571    -0.0006006399999999301 
572    0.00039936000000007077 
573    -0.00020063999999997417 
574    -6.399999999961992e-07 
575    -6.399999999961992e-07 
576    0.0001993600000000928 
577    -6.399999999961992e-07 
578    -0.0006006399999999301 
579    -0.00020063999999997417 
580    -6.399999999961992e-07 
581    -6.399999999961992e-07 
582    0.00039936000000007077 
583    -0.0006006399999999301 
584    0.00039936000000007077 
585    -6.399999999961992e-07 
586    -6.399999999961992e-07 
587    0.00039936000000007077 
588    -6.399999999961992e-07 
589    0.00039936000000007077 
590    0.0005993600000000487 
591    0.0005993600000000487 
592    -6.399999999961992e-07 
593    0.0001993600000000928 
594    0.0001993600000000928 
595    0.0001993600000000928 
596    -0.00040063999999995215 
597    -0.0006006399999999301 
598    0.0001993600000000928 
599    -0.00020063999999997417 
600    -6.399999999961992e-07 
601    0.0001993600000000928 
602    0.00039936000000007077 
603    -6.399999999961992e-07 
604    0.0005993600000000487 
605    -0.00020063999999997417 
606    -6.399999999961992e-07 
607    -6.399999999961992e-07 
608    0.0001993600000000928 
609    -0.00020063999999997417 
610    0.0005993600000000487 
611    -0.00020063999999997417 
612    -0.00020063999999997417 
613    0.00039936000000007077 
614    -0.00020063999999997417 
615    0.0005993600000000487 
616    -6.399999999961992e-07 
617    -0.00020063999999997417 
618    -0.00020063999999997417 
619    -6.399999999961992e-07 
620    -0.00040063999999995215 
621    0.00039936000000007077 
622    0.00039936000000007077 
623    0.0001993600000000928 
624    0.0001993600000000928 
625    0.00039936000000007077 
626    -0.00040063999999995215 
627    -0.00040063999999995215 
628    -0.00040063999999995215 
629    -0.00020063999999997417 
630    -0.00020063999999997417 
631    0.0001993600000000928 
632    -0.00040063999999995215 
633    -0.00020063999999997417 
634    0.0005993600000000487 
635    0.0005993600000000487 
636    0.0001993600000000928 
637    -0.00020063999999997417 
638    -0.00020063999999997417 
639    0.0001993600000000928 
640    -0.0006006399999999301 
641    0.0001993600000000928 
642    -6.399999999961992e-07 
643    -6.399999999961992e-07 
644    -0.00020063999999997417 
645    0.0005993600000000487 
646    0.0005993600000000487 
647    0.00039936000000007077 
648    -0.001200639999999975 
649    -0.00040063999999995215 
650    0.0005993600000000487 
651    0.0005993600000000487 
652    0.00039936000000007077 
653    -0.0006006399999999301 
654    -0.0008006399999999081 
655    0.00039936000000007077 
656    -0.00040063999999995215 
657    0.00039936000000007077 
658    0.00039936000000007077 
659    -0.00020063999999997417 
660    -6.399999999961992e-07 
661    -0.00040063999999995215 
662    0.00039936000000007077 
663    -6.399999999961992e-07 
664    -6.399999999961992e-07 
665    -0.0006006399999999301 
666    -0.00040063999999995215 
667    -0.00020063999999997417 
668    0.0007993600000000267 
669    0.00039936000000007077 
670    0.0001993600000000928 
671    -0.00040063999999995215 
672    0.00039936000000007077 
673    -0.0006006399999999301 
674    0.0007993600000000267 
675    0.0001993600000000928 
676    -6.399999999961992e-07 
677    -6.399999999961992e-07 
678    0.0005993600000000487 
679    0.0001993600000000928 
680    -0.00040063999999995215 
681    -0.00040063999999995215 
682    0.00039936000000007077 
683    -6.399999999961992e-07 
684    -0.0008006399999999081 
685    0.00039936000000007077 
686    -0.00020063999999997417 
687    0.0001993600000000928 
688    0.0001993600000000928 
689    0.0005993600000000487 
690    -0.001200639999999975 
691    0.00039936000000007077 
692    -6.399999999961992e-07 
693    0.00039936000000007077 
694    0.00039936000000007077 
695    0.00039936000000007077 
696    0.0001993600000000928 
697    -6.399999999961992e-07 
698    -0.00020063999999997417 
699    -0.001400639999999953 
700    -0.001000639999999997 
701    -0.0006006399999999301 
702    0.0001993600000000928 
703    -6.399999999961992e-07 
704    0.00039936000000007077 
705    -6.399999999961992e-07 
706    -0.0008006399999999081 
707    -0.0008006399999999081 
708    -6.399999999961992e-07 
709    0.0001993600000000928 
710    -6.399999999961992e-07 
711    -6.399999999961992e-07 
712    0.0001993600000000928 
713    0.0005993600000000487 
714    -0.0008006399999999081 
715    -6.399999999961992e-07 
716    0.0001993600000000928 
717    -0.00040063999999995215 
718    -6.399999999961992e-07 
719    -6.399999999961992e-07 
720    -0.00020063999999997417 
721    -0.00020063999999997417 
722    0.00039936000000007077 
723    0.0001993600000000928 
724    0.0001993600000000928 
725    0.0005993600000000487 
726    0.0005993600000000487 
727    -6.399999999961992e-07 
728    -6.399999999961992e-07 
729    -6.399999999961992e-07 
730    -0.00040063999999995215 
731    0.0001993600000000928 
732    -6.399999999961992e-07 
733    0.00039936000000007077 
734    -0.00040063999999995215 
735    0.00039936000000007077 
736    0.00039936000000007077 
737    0.00039936000000007077 
738    0.00039936000000007077 
739    0.00039936000000007077 
740    -0.00040063999999995215 
741    -0.00020063999999997417 
742    -6.399999999961992e-07 
743    0.0005993600000000487 
744    -6.399999999961992e-07 
745    -6.399999999961992e-07 
746    0.0001993600000000928 
747    0.00039936000000007077 
748    0.00039936000000007077 
749    0.0001993600000000928 
750    0.00039936000000007077 
751    0.0007993600000000267 
752    0.0005993600000000487 
753    -6.399999999961992e-07 
754    0.00039936000000007077 
755    -6.399999999961992e-07 
756    -0.00020063999999997417 
757    0.0005993600000000487 
758    0.00039936000000007077 
759    0.00039936000000007077 
760    0.0001993600000000928 
761    -6.399999999961992e-07 
762    -6.399999999961992e-07 
763    0.00039936000000007077 
764    -0.0008006399999999081 
765    0.0001993600000000928 
766    0.0001993600000000928 
767    0.0001993600000000928 
768    0.00039936000000007077 
769    -0.00020063999999997417 
770    -0.00020063999999997417 
771    0.00039936000000007077 
772    -6.399999999961992e-07 
773    0.00039936000000007077 
774    0.0001993600000000928 
775    -0.00040063999999995215 
776    -6.399999999961992e-07 
777    -6.399999999961992e-07 
778    -0.00020063999999997417 
779    0.0001993600000000928 
780    0.0001993600000000928 
781    0.0001993600000000928 
782    0.00039936000000007077 
783    0.0001993600000000928 
784    -0.0006006399999999301 
785    -0.0008006399999999081 
786    0.0005993600000000487 
787    0.0001993600000000928 
788    -6.399999999961992e-07 
789    -6.399999999961992e-07 
790    -0.0006006399999999301 
791    0.0001993600000000928 
792    0.0001993600000000928 
793    -0.00040063999999995215 
794    -6.399999999961992e-07 
795    -0.00040063999999995215 
796    0.00039936000000007077 
797    0.0005993600000000487 
798    0.0001993600000000928 
799    -0.00040063999999995215 
800    0.0001993600000000928 
801    -6.399999999961992e-07 
802    0.0005993600000000487 
803    -0.00040063999999995215 
804    0.0001993600000000928 
805    -6.399999999961992e-07 
806    -6.399999999961992e-07 
807    0.00039936000000007077 
808    -0.00040063999999995215 
809    0.0001993600000000928 
810    0.0005993600000000487 
811    -0.00020063999999997417 
812    -6.399999999961992e-07 
813    0.0001993600000000928 
814    -6.399999999961992e-07 
815    0.00039936000000007077 
816    0.00039936000000007077 
817    -6.399999999961992e-07 
818    0.0005993600000000487 
819    0.0001993600000000928 
820    -6.399999999961992e-07 
821    -6.399999999961992e-07 
822    -0.0006006399999999301 
823    -6.399999999961992e-07 
824    0.00039936000000007077 
825    -0.00020063999999997417 
826    -0.00020063999999997417 
827    0.00039936000000007077 
828    -0.00040063999999995215 
829    0.0001993600000000928 
830    -0.00020063999999997417 
831    0.0005993600000000487 
832    -0.0006006399999999301 
833    -0.00020063999999997417 
834    -0.00020063999999997417 
835    0.0001993600000000928 
836    -6.399999999961992e-07 
837    -6.399999999961992e-07 
838    -6.399999999961992e-07 
839    0.0005993600000000487 
840    0.0001993600000000928 
841    -0.00020063999999997417 
842    0.00039936000000007077 
843    -6.399999999961992e-07 
844    -6.399999999961992e-07 
845    -6.399999999961992e-07 
846    0.0001993600000000928 
847    0.0001993600000000928 
848    0.0005993600000000487 
849    0.00039936000000007077 
850    -0.00040063999999995215 
851    -0.00020063999999997417 
852    -0.00020063999999997417 
853    -6.399999999961992e-07 
854    0.00039936000000007077 
855    -0.0006006399999999301 
856    -6.399999999961992e-07 
857    0.00039936000000007077 
858    -0.00040063999999995215 
859    0.00039936000000007077 
860    0.0005993600000000487 
861    0.0001993600000000928 
862    -6.399999999961992e-07 
863    0.00039936000000007077 
864    0.0007993600000000267 
865    -0.0008006399999999081 
866    0.0005993600000000487 
867    0.0007993600000000267 
868    0.0005993600000000487 
869    -0.00020063999999997417 
870    -0.00020063999999997417 
871    0.00039936000000007077 
872    -0.0006006399999999301 
873    -0.0006006399999999301 
874    0.0001993600000000928 
875    0.0005993600000000487 
876    0.0001993600000000928 
877    0.0001993600000000928 
878    0.00039936000000007077 
879    0.0007993600000000267 
880    -6.399999999961992e-07 
881    0.00039936000000007077 
882    0.00039936000000007077 
883    0.0005993600000000487 
884    -0.00020063999999997417 
885    -0.00020063999999997417 
886    -6.399999999961992e-07 
887    -0.0006006399999999301 
888    -0.00020063999999997417 
889    -0.00020063999999997417 
890    -0.00020063999999997417 
891    0.00039936000000007077 
892    -0.00020063999999997417 
893    0.00039936000000007077 
894    -0.00020063999999997417 
895    -0.00020063999999997417 
896    0.0001993600000000928 
897    0.00039936000000007077 
898    0.0005993600000000487 
899    -0.00020063999999997417 
900    -6.399999999961992e-07 
901    0.0001993600000000928 
902    -0.00040063999999995215 
903    0.0001993600000000928 
904    0.00039936000000007077 
905    -0.00020063999999997417 
906    0.0005993600000000487 
907    -6.399999999961992e-07 
908    -0.00020063999999997417 
909    0.0005993600000000487 
910    0.0005993600000000487 
911    -0.00020063999999997417 
912    0.0001993600000000928 
913    0.0005993600000000487 
914    0.00039936000000007077 
915    -6.399999999961992e-07 
916    -6.399999999961992e-07 
917    0.0001993600000000928 
918    0.0001993600000000928 
919    0.0001993600000000928 
920    -0.00020063999999997417 
921    -6.399999999961992e-07 
922    -0.00040063999999995215 
923    -6.399999999961992e-07 
924    0.0005993600000000487 
925    -0.00020063999999997417 
926    -0.00040063999999995215 
927    -0.00020063999999997417 
928    0.0001993600000000928 
929    0.0007993600000000267 
930    -0.00020063999999997417 
931    -0.0006006399999999301 
932    0.0001993600000000928 
933    0.0001993600000000928 
934    -0.0006006399999999301 
935    0.00039936000000007077 
936    0.0001993600000000928 
937    -6.399999999961992e-07 
938    -0.0006006399999999301 
939    0.00039936000000007077 
940    -6.399999999961992e-07 
941    -6.399999999961992e-07 
942    0.00039936000000007077 
943    0.00039936000000007077 
944    0.0005993600000000487 
945    0.0005993600000000487 
946    -0.00020063999999997417 
947    -0.00020063999999997417 
948    0.0001993600000000928 
949    0.00039936000000007077 
950    0.0005993600000000487 
951    -0.00020063999999997417 
952    0.00039936000000007077 
953    0.0005993600000000487 
954    -6.399999999961992e-07 
955    0.0005993600000000487 
956    0.0001993600000000928 
957    0.00039936000000007077 
958    0.00039936000000007077 
959    0.0001993600000000928 
960    0.0001993600000000928 
961    -0.00040063999999995215 
962    0.0001993600000000928 
963    0.00039936000000007077 
964    0.0001993600000000928 
965    0.0005993600000000487 
966    -0.00020063999999997417 
967    -6.399999999961992e-07 
968    0.0005993600000000487 
969    -0.00040063999999995215 
970    -6.399999999961992e-07 
971    0.0001993600000000928 
972    -0.0006006399999999301 
973    -0.00020063999999997417 
974    0.0005993600000000487 
975    0.00039936000000007077 
976    -0.00020063999999997417 
977    0.0005993600000000487 
978    -6.399999999961992e-07 
979    -0.00020063999999997417 
980    0.00039936000000007077 
981    -0.00040063999999995215 
982    0.0005993600000000487 
983    -6.399999999961992e-07 
984    0.0005993600000000487 
985    -6.399999999961992e-07 
986    0.00039936000000007077 
987    -0.00020063999999997417 
988    0.00039936000000007077 
989    -0.00020063999999997417 
990    0.00039936000000007077 
991    -0.0008006399999999081 
992    0.00039936000000007077 
993    -0.00040063999999995215 
994    0.0001993600000000928 
995    0.00039936000000007077 
996    -0.0008006399999999081 
997    -0.00040063999999995215 
998    -0.00040063999999995215 
999    0.00039936000000007077 
