# mcs    C(t) 
0    0 
1    0.0007993600000000267 
2    -6.399999999961992e-07 
3    0.0007993600000000267 
4    -6.399999999961992e-07 
5    0.0007993600000000267 
6    -0.0008006399999999081 
7    -0.0008006399999999081 
8    0.0007993600000000267 
9    -0.0008006399999999081 
10    -0.001600639999999931 
11    -6.399999999961992e-07 
12    -0.001600639999999931 
13    0.0007993600000000267 
14    -6.399999999961992e-07 
15    -6.399999999961992e-07 
16    0.0007993600000000267 
17    0.0007993600000000267 
18    0.0007993600000000267 
19    0.0007993600000000267 
20    0.0007993600000000267 
21    0.0007993600000000267 
22    -6.399999999961992e-07 
23    -6.399999999961992e-07 
24    -6.399999999961992e-07 
25    0.0007993600000000267 
26    -6.399999999961992e-07 
27    -6.399999999961992e-07 
28    0.0007993600000000267 
29    -0.0008006399999999081 
30    -0.002400639999999954 
31    0.0007993600000000267 
32    0.0007993600000000267 
33    -6.399999999961992e-07 
34    0.0007993600000000267 
35    -6.399999999961992e-07 
36    -0.0008006399999999081 
37    0.0007993600000000267 
38    -0.0008006399999999081 
39    -0.0008006399999999081 
40    0.0007993600000000267 
41    0.0007993600000000267 
42    -6.399999999961992e-07 
43    0.0007993600000000267 
44    -6.399999999961992e-07 
45    0.0007993600000000267 
46    -6.399999999961992e-07 
47    -0.0008006399999999081 
48    -6.399999999961992e-07 
49    0.0007993600000000267 
50    0.0007993600000000267 
51    0.0007993600000000267 
52    0.0007993600000000267 
53    -0.0008006399999999081 
54    0.0007993600000000267 
55    -0.002400639999999954 
56    0.0007993600000000267 
57    -6.399999999961992e-07 
58    -6.399999999961992e-07 
59    -6.399999999961992e-07 
60    0.0007993600000000267 
61    -6.399999999961992e-07 
62    0.0007993600000000267 
63    -6.399999999961992e-07 
64    -6.399999999961992e-07 
65    -6.399999999961992e-07 
66    -0.0008006399999999081 
67    0.0007993600000000267 
68    0.0007993600000000267 
69    -6.399999999961992e-07 
70    0.0007993600000000267 
71    -0.0008006399999999081 
72    0.0007993600000000267 
73    -0.0008006399999999081 
74    0.0007993600000000267 
75    -6.399999999961992e-07 
76    -6.399999999961992e-07 
77    0.0007993600000000267 
78    -0.001600639999999931 
79    0.0007993600000000267 
80    0.0007993600000000267 
81    -6.399999999961992e-07 
82    -6.399999999961992e-07 
83    0.0007993600000000267 
84    -6.399999999961992e-07 
85    0.0007993600000000267 
86    0.0007993600000000267 
87    -6.399999999961992e-07 
88    0.0007993600000000267 
89    -6.399999999961992e-07 
90    0.0007993600000000267 
91    -6.399999999961992e-07 
92    -6.399999999961992e-07 
93    -6.399999999961992e-07 
94    -0.0008006399999999081 
95    -6.399999999961992e-07 
96    -6.399999999961992e-07 
97    -6.399999999961992e-07 
98    -0.002400639999999954 
99    0.0007993600000000267 
100    0.0007993600000000267 
101    0.0007993600000000267 
102    -6.399999999961992e-07 
103    -6.399999999961992e-07 
104    -0.0008006399999999081 
105    0.0007993600000000267 
106    -0.0008006399999999081 
107    -6.399999999961992e-07 
108    -6.399999999961992e-07 
109    -6.399999999961992e-07 
110    -0.0008006399999999081 
111    -6.399999999961992e-07 
112    -0.001600639999999931 
113    0.0007993600000000267 
114    -6.399999999961992e-07 
115    0.0007993600000000267 
116    -0.0008006399999999081 
117    0.0007993600000000267 
118    0.0007993600000000267 
119    -6.399999999961992e-07 
120    -6.399999999961992e-07 
121    -6.399999999961992e-07 
122    -0.0008006399999999081 
123    0.0007993600000000267 
124    -6.399999999961992e-07 
125    -0.0008006399999999081 
126    0.0007993600000000267 
127    -0.001600639999999931 
128    -6.399999999961992e-07 
129    -0.0008006399999999081 
130    0.0007993600000000267 
131    0.0007993600000000267 
132    -0.002400639999999954 
133    0.0007993600000000267 
134    0.0007993600000000267 
135    -6.399999999961992e-07 
136    0.0007993600000000267 
137    -6.399999999961992e-07 
138    0.0007993600000000267 
139    -0.0008006399999999081 
140    -6.399999999961992e-07 
141    -0.0008006399999999081 
142    0.0007993600000000267 
143    -6.399999999961992e-07 
144    0.0007993600000000267 
145    0.0007993600000000267 
146    -0.0008006399999999081 
147    0.0007993600000000267 
148    -6.399999999961992e-07 
149    -6.399999999961992e-07 
150    -6.399999999961992e-07 
151    -6.399999999961992e-07 
152    -0.0008006399999999081 
153    -0.0008006399999999081 
154    -0.0008006399999999081 
155    0.0007993600000000267 
156    -6.399999999961992e-07 
157    -0.002400639999999954 
158    0.0007993600000000267 
159    -0.001600639999999931 
160    0.0007993600000000267 
161    -6.399999999961992e-07 
162    0.0007993600000000267 
163    -6.399999999961992e-07 
164    -6.399999999961992e-07 
165    0.0007993600000000267 
166    -6.399999999961992e-07 
167    0.0007993600000000267 
168    0.0007993600000000267 
169    -6.399999999961992e-07 
170    -0.0008006399999999081 
171    -6.399999999961992e-07 
172    0.0007993600000000267 
173    -6.399999999961992e-07 
174    -6.399999999961992e-07 
175    -6.399999999961992e-07 
176    0.0007993600000000267 
177    -6.399999999961992e-07 
178    -6.399999999961992e-07 
179    -6.399999999961992e-07 
180    0.0007993600000000267 
181    -6.399999999961992e-07 
182    0.0007993600000000267 
183    -6.399999999961992e-07 
184    -0.0008006399999999081 
185    0.0007993600000000267 
186    -6.399999999961992e-07 
187    -6.399999999961992e-07 
188    0.0007993600000000267 
189    0.0007993600000000267 
190    -6.399999999961992e-07 
191    -6.399999999961992e-07 
192    0.0007993600000000267 
193    -0.001600639999999931 
194    -0.0008006399999999081 
195    0.0007993600000000267 
196    0.0007993600000000267 
197    -6.399999999961992e-07 
198    -6.399999999961992e-07 
199    -6.399999999961992e-07 
200    -6.399999999961992e-07 
201    -0.001600639999999931 
202    -6.399999999961992e-07 
203    0.0007993600000000267 
204    0.0007993600000000267 
205    0.0007993600000000267 
206    -6.399999999961992e-07 
207    -6.399999999961992e-07 
208    -6.399999999961992e-07 
209    -6.399999999961992e-07 
210    -0.001600639999999931 
211    0.0007993600000000267 
212    -6.399999999961992e-07 
213    -6.399999999961992e-07 
214    -0.0008006399999999081 
215    -6.399999999961992e-07 
216    -0.0008006399999999081 
217    0.0007993600000000267 
218    0.0007993600000000267 
219    0.0007993600000000267 
220    -6.399999999961992e-07 
221    -6.399999999961992e-07 
222    -6.399999999961992e-07 
223    -6.399999999961992e-07 
224    -0.001600639999999931 
225    0.0007993600000000267 
226    -6.399999999961992e-07 
227    -0.0008006399999999081 
228    0.0007993600000000267 
229    -6.399999999961992e-07 
230    0.0007993600000000267 
231    -0.0008006399999999081 
232    -0.0008006399999999081 
233    0.0007993600000000267 
234    -0.0008006399999999081 
235    0.0007993600000000267 
236    0.0007993600000000267 
237    0.0007993600000000267 
238    0.0007993600000000267 
239    0.0007993600000000267 
240    0.0007993600000000267 
241    0.0007993600000000267 
242    -0.0008006399999999081 
243    -0.0008006399999999081 
244    -6.399999999961992e-07 
245    0.0007993600000000267 
246    -0.0008006399999999081 
247    -0.001600639999999931 
248    0.0007993600000000267 
249    -0.0008006399999999081 
250    -6.399999999961992e-07 
251    -6.399999999961992e-07 
252    -6.399999999961992e-07 
253    -0.0008006399999999081 
254    -6.399999999961992e-07 
255    -6.399999999961992e-07 
256    0.0007993600000000267 
257    0.0007993600000000267 
258    -0.0008006399999999081 
259    0.0007993600000000267 
260    -0.0008006399999999081 
261    0.0007993600000000267 
262    0.0007993600000000267 
263    -6.399999999961992e-07 
264    -6.399999999961992e-07 
265    -6.399999999961992e-07 
266    -6.399999999961992e-07 
267    -6.399999999961992e-07 
268    0.0007993600000000267 
269    0.0007993600000000267 
270    0.0007993600000000267 
271    0.0007993600000000267 
272    -0.0008006399999999081 
273    -6.399999999961992e-07 
274    0.0007993600000000267 
275    0.0007993600000000267 
276    -6.399999999961992e-07 
277    0.0007993600000000267 
278    0.0007993600000000267 
279    -6.399999999961992e-07 
280    -6.399999999961992e-07 
281    -0.0008006399999999081 
282    -6.399999999961992e-07 
283    0.0007993600000000267 
284    0.0007993600000000267 
285    0.0007993600000000267 
286    -0.001600639999999931 
287    -6.399999999961992e-07 
288    -6.399999999961992e-07 
289    0.0007993600000000267 
290    -0.0008006399999999081 
291    -0.001600639999999931 
292    -0.001600639999999931 
293    -6.399999999961992e-07 
294    0.0007993600000000267 
295    -0.001600639999999931 
296    -0.0008006399999999081 
297    -6.399999999961992e-07 
298    -0.0008006399999999081 
299    -6.399999999961992e-07 
300    0.0007993600000000267 
301    0.0007993600000000267 
302    0.0007993600000000267 
303    0.0007993600000000267 
304    0.0007993600000000267 
305    0.0007993600000000267 
306    -6.399999999961992e-07 
307    0.0007993600000000267 
308    -6.399999999961992e-07 
309    -6.399999999961992e-07 
310    -6.399999999961992e-07 
311    0.0007993600000000267 
312    -6.399999999961992e-07 
313    0.0007993600000000267 
314    0.0007993600000000267 
315    0.0007993600000000267 
316    0.0007993600000000267 
317    -0.003200639999999977 
318    -0.0008006399999999081 
319    -6.399999999961992e-07 
320    -6.399999999961992e-07 
321    -0.0008006399999999081 
322    0.0007993600000000267 
323    0.0007993600000000267 
324    -6.399999999961992e-07 
325    0.0007993600000000267 
326    -6.399999999961992e-07 
327    -6.399999999961992e-07 
328    -0.0008006399999999081 
329    0.0007993600000000267 
330    -6.399999999961992e-07 
331    0.0007993600000000267 
332    0.0007993600000000267 
333    -6.399999999961992e-07 
334    -6.399999999961992e-07 
335    -0.0008006399999999081 
336    -6.399999999961992e-07 
337    -6.399999999961992e-07 
338    -0.001600639999999931 
339    -0.0008006399999999081 
340    -0.001600639999999931 
341    -6.399999999961992e-07 
342    0.0007993600000000267 
343    0.0007993600000000267 
344    -0.001600639999999931 
345    -6.399999999961992e-07 
346    0.0007993600000000267 
347    0.0007993600000000267 
348    0.0007993600000000267 
349    -0.0008006399999999081 
350    -6.399999999961992e-07 
351    -0.0008006399999999081 
352    0.0007993600000000267 
353    -0.0008006399999999081 
354    -6.399999999961992e-07 
355    0.0007993600000000267 
356    -0.001600639999999931 
357    0.0007993600000000267 
358    -0.0008006399999999081 
359    0.0007993600000000267 
360    -0.0008006399999999081 
361    0.0007993600000000267 
362    -0.0008006399999999081 
363    -0.002400639999999954 
364    -0.0008006399999999081 
365    -0.0008006399999999081 
366    -0.0008006399999999081 
367    0.0007993600000000267 
368    -6.399999999961992e-07 
369    -6.399999999961992e-07 
370    0.0007993600000000267 
371    -6.399999999961992e-07 
372    -6.399999999961992e-07 
373    -6.399999999961992e-07 
374    0.0007993600000000267 
375    0.0007993600000000267 
376    0.0007993600000000267 
377    -0.001600639999999931 
378    -0.0008006399999999081 
379    -0.0008006399999999081 
380    0.0007993600000000267 
381    -0.001600639999999931 
382    0.0007993600000000267 
383    -6.399999999961992e-07 
384    -6.399999999961992e-07 
385    0.0007993600000000267 
386    -6.399999999961992e-07 
387    -6.399999999961992e-07 
388    -6.399999999961992e-07 
389    0.0007993600000000267 
390    0.0007993600000000267 
391    -0.002400639999999954 
392    0.0007993600000000267 
393    0.0007993600000000267 
394    0.0007993600000000267 
395    -6.399999999961992e-07 
396    -0.002400639999999954 
397    0.0007993600000000267 
398    0.0007993600000000267 
399    -0.001600639999999931 
400    0.0007993600000000267 
401    -6.399999999961992e-07 
402    -6.399999999961992e-07 
403    0.0007993600000000267 
404    0.0007993600000000267 
405    0.0007993600000000267 
406    0.0007993600000000267 
407    -6.399999999961992e-07 
408    -0.001600639999999931 
409    -0.0008006399999999081 
410    -6.399999999961992e-07 
411    -0.0008006399999999081 
412    -0.0008006399999999081 
413    0.0007993600000000267 
414    -6.399999999961992e-07 
415    0.0007993600000000267 
416    -0.0008006399999999081 
417    -0.001600639999999931 
418    0.0007993600000000267 
419    0.0007993600000000267 
420    -6.399999999961992e-07 
421    0.0007993600000000267 
422    0.0007993600000000267 
423    -6.399999999961992e-07 
424    -6.399999999961992e-07 
425    -0.001600639999999931 
426    0.0007993600000000267 
427    -6.399999999961992e-07 
428    -0.0008006399999999081 
429    -6.399999999961992e-07 
430    0.0007993600000000267 
431    -6.399999999961992e-07 
432    0.0007993600000000267 
433    0.0007993600000000267 
434    0.0007993600000000267 
435    -0.001600639999999931 
436    0.0007993600000000267 
437    -6.399999999961992e-07 
438    -6.399999999961992e-07 
439    -0.001600639999999931 
440    0.0007993600000000267 
441    -6.399999999961992e-07 
442    0.0007993600000000267 
443    -6.399999999961992e-07 
444    0.0007993600000000267 
445    0.0007993600000000267 
446    -6.399999999961992e-07 
447    -0.0008006399999999081 
448    0.0007993600000000267 
449    0.0007993600000000267 
450    -6.399999999961992e-07 
451    0.0007993600000000267 
452    -6.399999999961992e-07 
453    0.0007993600000000267 
454    -0.0008006399999999081 
455    -6.399999999961992e-07 
456    -0.0008006399999999081 
457    0.0007993600000000267 
458    -0.001600639999999931 
459    -6.399999999961992e-07 
460    0.0007993600000000267 
461    0.0007993600000000267 
462    -0.002400639999999954 
463    0.0007993600000000267 
464    -6.399999999961992e-07 
465    -6.399999999961992e-07 
466    -6.399999999961992e-07 
467    -0.0008006399999999081 
468    -6.399999999961992e-07 
469    0.0007993600000000267 
470    -0.0008006399999999081 
471    0.0007993600000000267 
472    0.0007993600000000267 
473    -6.399999999961992e-07 
474    0.0007993600000000267 
475    -0.0008006399999999081 
476    -0.0008006399999999081 
477    -6.399999999961992e-07 
478    0.0007993600000000267 
479    -6.399999999961992e-07 
480    -6.399999999961992e-07 
481    0.0007993600000000267 
482    -6.399999999961992e-07 
483    -6.399999999961992e-07 
484    0.0007993600000000267 
485    -0.0008006399999999081 
486    -0.0008006399999999081 
487    0.0007993600000000267 
488    -6.399999999961992e-07 
489    -0.0008006399999999081 
490    0.0007993600000000267 
491    -6.399999999961992e-07 
492    -0.001600639999999931 
493    -6.399999999961992e-07 
494    -6.399999999961992e-07 
495    -6.399999999961992e-07 
496    0.0007993600000000267 
497    0.0007993600000000267 
498    0.0007993600000000267 
499    0.0007993600000000267 
500    0.0007993600000000267 
501    0.0007993600000000267 
502    -0.002400639999999954 
503    0.0007993600000000267 
504    -6.399999999961992e-07 
505    0.0007993600000000267 
506    -6.399999999961992e-07 
507    -0.0008006399999999081 
508    -0.0008006399999999081 
509    0.0007993600000000267 
510    0.0007993600000000267 
511    0.0007993600000000267 
512    0.0007993600000000267 
513    -6.399999999961992e-07 
514    -0.001600639999999931 
515    0.0007993600000000267 
516    -6.399999999961992e-07 
517    0.0007993600000000267 
518    0.0007993600000000267 
519    -0.0008006399999999081 
520    0.0007993600000000267 
521    0.0007993600000000267 
522    0.0007993600000000267 
523    -6.399999999961992e-07 
524    -0.001600639999999931 
525    -6.399999999961992e-07 
526    -0.0008006399999999081 
527    0.0007993600000000267 
528    0.0007993600000000267 
529    0.0007993600000000267 
530    -0.0008006399999999081 
531    -6.399999999961992e-07 
532    -6.399999999961992e-07 
533    -6.399999999961992e-07 
534    -6.399999999961992e-07 
535    -0.0008006399999999081 
536    -0.0008006399999999081 
537    -6.399999999961992e-07 
538    0.0007993600000000267 
539    0.0007993600000000267 
540    -6.399999999961992e-07 
541    0.0007993600000000267 
542    -6.399999999961992e-07 
543    0.0007993600000000267 
544    -6.399999999961992e-07 
545    0.0007993600000000267 
546    -6.399999999961992e-07 
547    -0.0008006399999999081 
548    -0.0008006399999999081 
549    0.0007993600000000267 
550    -0.0008006399999999081 
551    0.0007993600000000267 
552    0.0007993600000000267 
553    -0.001600639999999931 
554    -6.399999999961992e-07 
555    0.0007993600000000267 
556    -6.399999999961992e-07 
557    -6.399999999961992e-07 
558    0.0007993600000000267 
559    0.0007993600000000267 
560    0.0007993600000000267 
561    -6.399999999961992e-07 
562    0.0007993600000000267 
563    0.0007993600000000267 
564    -6.399999999961992e-07 
565    0.0007993600000000267 
566    0.0007993600000000267 
567    0.0007993600000000267 
568    -6.399999999961992e-07 
569    -6.399999999961992e-07 
570    -0.0008006399999999081 
571    -6.399999999961992e-07 
572    -6.399999999961992e-07 
573    -0.001600639999999931 
574    -6.399999999961992e-07 
575    -0.0008006399999999081 
576    0.0007993600000000267 
577    0.0007993600000000267 
578    -6.399999999961992e-07 
579    -0.0008006399999999081 
580    -0.0008006399999999081 
581    -0.0008006399999999081 
582    0.0007993600000000267 
583    0.0007993600000000267 
584    0.0007993600000000267 
585    -6.399999999961992e-07 
586    0.0007993600000000267 
587    0.0007993600000000267 
588    0.0007993600000000267 
589    0.0007993600000000267 
590    0.0007993600000000267 
591    -0.0008006399999999081 
592    -0.002400639999999954 
593    -6.399999999961992e-07 
594    -0.0008006399999999081 
595    0.0007993600000000267 
596    0.0007993600000000267 
597    0.0007993600000000267 
598    -0.0008006399999999081 
599    -6.399999999961992e-07 
600    -6.399999999961992e-07 
601    -6.399999999961992e-07 
602    -0.0008006399999999081 
603    -6.399999999961992e-07 
604    0.0007993600000000267 
605    -0.0008006399999999081 
606    -6.399999999961992e-07 
607    -6.399999999961992e-07 
608    0.0007993600000000267 
609    -6.399999999961992e-07 
610    0.0007993600000000267 
611    -6.399999999961992e-07 
612    0.0007993600000000267 
613    0.0007993600000000267 
614    -0.0008006399999999081 
615    -6.399999999961992e-07 
616    -6.399999999961992e-07 
617    -0.0008006399999999081 
618    0.0007993600000000267 
619    0.0007993600000000267 
620    -6.399999999961992e-07 
621    -0.001600639999999931 
622    0.0007993600000000267 
623    -0.001600639999999931 
624    -6.399999999961992e-07 
625    -0.0008006399999999081 
626    -0.0008006399999999081 
627    -6.399999999961992e-07 
628    -6.399999999961992e-07 
629    0.0007993600000000267 
630    -6.399999999961992e-07 
631    0.0007993600000000267 
632    -6.399999999961992e-07 
633    -6.399999999961992e-07 
634    0.0007993600000000267 
635    0.0007993600000000267 
636    0.0007993600000000267 
637    -6.399999999961992e-07 
638    -6.399999999961992e-07 
639    0.0007993600000000267 
640    -6.399999999961992e-07 
641    -6.399999999961992e-07 
642    0.0007993600000000267 
643    0.0007993600000000267 
644    -0.0008006399999999081 
645    -0.002400639999999954 
646    0.0007993600000000267 
647    -6.399999999961992e-07 
648    0.0007993600000000267 
649    -0.0008006399999999081 
650    -6.399999999961992e-07 
651    0.0007993600000000267 
652    -0.001600639999999931 
653    -0.001600639999999931 
654    0.0007993600000000267 
655    0.0007993600000000267 
656    -6.399999999961992e-07 
657    0.0007993600000000267 
658    0.0007993600000000267 
659    0.0007993600000000267 
660    0.0007993600000000267 
661    -0.0008006399999999081 
662    0.0007993600000000267 
663    -6.399999999961992e-07 
664    0.0007993600000000267 
665    0.0007993600000000267 
666    0.0007993600000000267 
667    0.0007993600000000267 
668    0.0007993600000000267 
669    0.0007993600000000267 
670    0.0007993600000000267 
671    0.0007993600000000267 
672    -6.399999999961992e-07 
673    -6.399999999961992e-07 
674    0.0007993600000000267 
675    0.0007993600000000267 
676    -0.001600639999999931 
677    -6.399999999961992e-07 
678    -0.0008006399999999081 
679    -6.399999999961992e-07 
680    -6.399999999961992e-07 
681    -6.399999999961992e-07 
682    0.0007993600000000267 
683    0.0007993600000000267 
684    -0.001600639999999931 
685    0.0007993600000000267 
686    0.0007993600000000267 
687    -6.399999999961992e-07 
688    0.0007993600000000267 
689    -0.001600639999999931 
690    -0.0008006399999999081 
691    -0.0008006399999999081 
692    -6.399999999961992e-07 
693    0.0007993600000000267 
694    0.0007993600000000267 
695    0.0007993600000000267 
696    -6.399999999961992e-07 
697    0.0007993600000000267 
698    -6.399999999961992e-07 
699    0.0007993600000000267 
700    -6.399999999961992e-07 
701    -0.001600639999999931 
702    -6.399999999961992e-07 
703    0.0007993600000000267 
704    -0.0008006399999999081 
705    -6.399999999961992e-07 
706    -6.399999999961992e-07 
707    -0.001600639999999931 
708    0.0007993600000000267 
709    0.0007993600000000267 
710    -6.399999999961992e-07 
711    0.0007993600000000267 
712    -6.399999999961992e-07 
713    -6.399999999961992e-07 
714    -6.399999999961992e-07 
715    -6.399999999961992e-07 
716    0.0007993600000000267 
717    -6.399999999961992e-07 
718    0.0007993600000000267 
719    -6.399999999961992e-07 
720    0.0007993600000000267 
721    0.0007993600000000267 
722    0.0007993600000000267 
723    0.0007993600000000267 
724    -0.0008006399999999081 
725    -6.399999999961992e-07 
726    -6.399999999961992e-07 
727    0.0007993600000000267 
728    0.0007993600000000267 
729    0.0007993600000000267 
730    0.0007993600000000267 
731    0.0007993600000000267 
732    -0.001600639999999931 
733    -6.399999999961992e-07 
734    0.0007993600000000267 
735    -6.399999999961992e-07 
736    -0.002400639999999954 
737    -0.0008006399999999081 
738    0.0007993600000000267 
739    -6.399999999961992e-07 
740    0.0007993600000000267 
741    -6.399999999961992e-07 
742    0.0007993600000000267 
743    0.0007993600000000267 
744    -6.399999999961992e-07 
745    -6.399999999961992e-07 
746    0.0007993600000000267 
747    0.0007993600000000267 
748    0.0007993600000000267 
749    -0.001600639999999931 
750    -0.002400639999999954 
751    -6.399999999961992e-07 
752    0.0007993600000000267 
753    -6.399999999961992e-07 
754    0.0007993600000000267 
755    -0.0008006399999999081 
756    -0.0008006399999999081 
757    -0.0008006399999999081 
758    -0.0008006399999999081 
759    0.0007993600000000267 
760    -0.0008006399999999081 
761    0.0007993600000000267 
762    0.0007993600000000267 
763    -0.002400639999999954 
764    -6.399999999961992e-07 
765    0.0007993600000000267 
766    -6.399999999961992e-07 
767    -0.0008006399999999081 
768    0.0007993600000000267 
769    0.0007993600000000267 
770    -0.001600639999999931 
771    0.0007993600000000267 
772    0.0007993600000000267 
773    -0.0008006399999999081 
774    -6.399999999961992e-07 
775    -6.399999999961992e-07 
776    -6.399999999961992e-07 
777    0.0007993600000000267 
778    0.0007993600000000267 
779    -0.001600639999999931 
780    0.0007993600000000267 
781    -6.399999999961992e-07 
782    -6.399999999961992e-07 
783    -0.0008006399999999081 
784    -6.399999999961992e-07 
785    -6.399999999961992e-07 
786    -6.399999999961992e-07 
787    -6.399999999961992e-07 
788    0.0007993600000000267 
789    -0.001600639999999931 
790    -6.399999999961992e-07 
791    -0.0008006399999999081 
792    -0.0008006399999999081 
793    -0.0008006399999999081 
794    -6.399999999961992e-07 
795    0.0007993600000000267 
796    -6.399999999961992e-07 
797    -0.0008006399999999081 
798    0.0007993600000000267 
799    -6.399999999961992e-07 
800    -6.399999999961992e-07 
801    -6.399999999961992e-07 
802    -6.399999999961992e-07 
803    0.0007993600000000267 
804    0.0007993600000000267 
805    -6.399999999961992e-07 
806    -6.399999999961992e-07 
807    -0.002400639999999954 
808    -0.0008006399999999081 
809    -0.001600639999999931 
810    -0.001600639999999931 
811    -6.399999999961992e-07 
812    -6.399999999961992e-07 
813    0.0007993600000000267 
814    -6.399999999961992e-07 
815    -0.0008006399999999081 
816    0.0007993600000000267 
817    0.0007993600000000267 
818    -6.399999999961992e-07 
819    -6.399999999961992e-07 
820    -0.0008006399999999081 
821    -6.399999999961992e-07 
822    0.0007993600000000267 
823    0.0007993600000000267 
824    0.0007993600000000267 
825    -6.399999999961992e-07 
826    0.0007993600000000267 
827    -0.0008006399999999081 
828    -6.399999999961992e-07 
829    0.0007993600000000267 
830    0.0007993600000000267 
831    0.0007993600000000267 
832    0.0007993600000000267 
833    0.0007993600000000267 
834    -6.399999999961992e-07 
835    -0.0008006399999999081 
836    0.0007993600000000267 
837    -0.0008006399999999081 
838    -0.0008006399999999081 
839    -6.399999999961992e-07 
840    -6.399999999961992e-07 
841    -6.399999999961992e-07 
842    -0.0008006399999999081 
843    0.0007993600000000267 
844    0.0007993600000000267 
845    -0.0008006399999999081 
846    -0.0008006399999999081 
847    -6.399999999961992e-07 
848    -0.0008006399999999081 
849    -0.0008006399999999081 
850    0.0007993600000000267 
851    0.0007993600000000267 
852    0.0007993600000000267 
853    0.0007993600000000267 
854    -6.399999999961992e-07 
855    -6.399999999961992e-07 
856    -0.0008006399999999081 
857    -6.399999999961992e-07 
858    -6.399999999961992e-07 
859    -0.0008006399999999081 
860    -0.0008006399999999081 
861    0.0007993600000000267 
862    0.0007993600000000267 
863    0.0007993600000000267 
864    -0.001600639999999931 
865    0.0007993600000000267 
866    -6.399999999961992e-07 
867    0.0007993600000000267 
868    -6.399999999961992e-07 
869    -0.0008006399999999081 
870    -0.001600639999999931 
871    -0.0008006399999999081 
872    -0.002400639999999954 
873    0.0007993600000000267 
874    0.0007993600000000267 
875    0.0007993600000000267 
876    -6.399999999961992e-07 
877    -6.399999999961992e-07 
878    0.0007993600000000267 
879    -6.399999999961992e-07 
880    -6.399999999961992e-07 
881    -0.0008006399999999081 
882    0.0007993600000000267 
883    -6.399999999961992e-07 
884    -6.399999999961992e-07 
885    -0.001600639999999931 
886    -0.0008006399999999081 
887    0.0007993600000000267 
888    -0.001600639999999931 
889    -0.0008006399999999081 
890    0.0007993600000000267 
891    -0.0008006399999999081 
892    -6.399999999961992e-07 
893    -0.001600639999999931 
894    0.0007993600000000267 
895    -0.0008006399999999081 
896    0.0007993600000000267 
897    -0.0008006399999999081 
898    0.0007993600000000267 
899    0.0007993600000000267 
900    -0.001600639999999931 
901    0.0007993600000000267 
902    -6.399999999961992e-07 
903    -0.0008006399999999081 
904    0.0007993600000000267 
905    -6.399999999961992e-07 
906    -6.399999999961992e-07 
907    -0.001600639999999931 
908    0.0007993600000000267 
909    -0.0008006399999999081 
910    -6.399999999961992e-07 
911    0.0007993600000000267 
912    0.0007993600000000267 
913    -6.399999999961992e-07 
914    -6.399999999961992e-07 
915    -6.399999999961992e-07 
916    0.0007993600000000267 
917    -6.399999999961992e-07 
918    0.0007993600000000267 
919    0.0007993600000000267 
920    -6.399999999961992e-07 
921    0.0007993600000000267 
922    0.0007993600000000267 
923    0.0007993600000000267 
924    0.0007993600000000267 
925    0.0007993600000000267 
926    0.0007993600000000267 
927    -6.399999999961992e-07 
928    0.0007993600000000267 
929    -6.399999999961992e-07 
930    0.0007993600000000267 
931    0.0007993600000000267 
932    0.0007993600000000267 
933    0.0007993600000000267 
934    0.0007993600000000267 
935    -0.0008006399999999081 
936    -0.0008006399999999081 
937    -0.0008006399999999081 
938    -6.399999999961992e-07 
939    -6.399999999961992e-07 
940    -0.0008006399999999081 
941    -6.399999999961992e-07 
942    -6.399999999961992e-07 
943    -6.399999999961992e-07 
944    -6.399999999961992e-07 
945    0.0007993600000000267 
946    0.0007993600000000267 
947    -6.399999999961992e-07 
948    0.0007993600000000267 
949    -6.399999999961992e-07 
950    0.0007993600000000267 
951    -0.001600639999999931 
952    0.0007993600000000267 
953    -6.399999999961992e-07 
954    -0.001600639999999931 
955    0.0007993600000000267 
956    -6.399999999961992e-07 
957    -6.399999999961992e-07 
958    0.0007993600000000267 
959    -0.0008006399999999081 
960    0.0007993600000000267 
961    0.0007993600000000267 
962    0.0007993600000000267 
963    0.0007993600000000267 
964    -0.0008006399999999081 
965    -6.399999999961992e-07 
966    0.0007993600000000267 
967    -0.0008006399999999081 
968    -6.399999999961992e-07 
969    -0.001600639999999931 
970    0.0007993600000000267 
971    -0.0008006399999999081 
972    -6.399999999961992e-07 
973    -0.0008006399999999081 
974    0.0007993600000000267 
975    0.0007993600000000267 
976    0.0007993600000000267 
977    -0.0008006399999999081 
978    0.0007993600000000267 
979    0.0007993600000000267 
980    0.0007993600000000267 
981    -0.0008006399999999081 
982    -6.399999999961992e-07 
983    0.0007993600000000267 
984    -0.0008006399999999081 
985    0.0007993600000000267 
986    -6.399999999961992e-07 
987    0.0007993600000000267 
988    0.0007993600000000267 
989    -0.0008006399999999081 
990    -6.399999999961992e-07 
991    -0.0008006399999999081 
992    -0.003200639999999977 
993    -0.0008006399999999081 
994    -6.399999999961992e-07 
995    -0.0008006399999999081 
996    -0.0008006399999999081 
997    0.0007993600000000267 
998    -0.002400639999999954 
999    0.0007993600000000267 
