# mcs    C(t) 
0    0 
1    -1.0000000000287557e-06 
2    -1.0000000000287557e-06 
3    -1.0000000000287557e-06 
4    0.0007989999999999942 
5    -1.0000000000287557e-06 
6    -1.0000000000287557e-06 
7    0.0007989999999999942 
8    0.0003989999999999272 
9    0.0007989999999999942 
10    0.0005990000000000162 
11    0.0005990000000000162 
12    -0.0004009999999999847 
13    0.0003989999999999272 
14    0.00019899999999994922 
15    0.00019899999999994922 
16    -0.00020100000000000673 
17    -0.0012010000000000076 
18    0.00019899999999994922 
19    -1.0000000000287557e-06 
20    0.0003989999999999272 
21    0.0005990000000000162 
22    0.0003989999999999272 
23    0.00019899999999994922 
24    0.0003989999999999272 
25    0.00019899999999994922 
26    0.0003989999999999272 
27    -1.0000000000287557e-06 
28    0.0007989999999999942 
29    0.0009989999999999721 
30    0.00019899999999994922 
31    -0.0006010000000000737 
32    0.00019899999999994922 
33    0.00019899999999994922 
34    0.0007989999999999942 
35    0.0003989999999999272 
36    -1.0000000000287557e-06 
37    -1.0000000000287557e-06 
38    0.0003989999999999272 
39    -0.00020100000000000673 
40    -1.0000000000287557e-06 
41    0.00019899999999994922 
42    0.0007989999999999942 
43    0.0007989999999999942 
44    0.00019899999999994922 
45    -1.0000000000287557e-06 
46    0.0003989999999999272 
47    -0.0006010000000000737 
48    0.00019899999999994922 
49    -1.0000000000287557e-06 
50    -0.00020100000000000673 
51    0.0003989999999999272 
52    0.0005990000000000162 
53    0.0005990000000000162 
54    0.0007989999999999942 
55    0.0007989999999999942 
56    0.00019899999999994922 
57    0.0009989999999999721 
58    0.0007989999999999942 
59    -0.00020100000000000673 
60    0.0003989999999999272 
61    0.0009989999999999721 
62    0.0007989999999999942 
63    0.0007989999999999942 
64    -0.00020100000000000673 
65    0.0007989999999999942 
66    0.0005990000000000162 
67    0.00019899999999994922 
68    0.0005990000000000162 
69    0.0003989999999999272 
70    0.0005990000000000162 
71    -0.00020100000000000673 
72    0.0007989999999999942 
73    0.0003989999999999272 
74    -1.0000000000287557e-06 
75    -0.00020100000000000673 
76    -0.00020100000000000673 
77    0.0005990000000000162 
78    0.0005990000000000162 
79    0.00019899999999994922 
80    -1.0000000000287557e-06 
81    -0.0004009999999999847 
82    0.0003989999999999272 
83    -0.0004009999999999847 
84    -0.00020100000000000673 
85    0.0003989999999999272 
86    0.0007989999999999942 
87    0.0007989999999999942 
88    0.00019899999999994922 
89    0.00019899999999994922 
90    -1.0000000000287557e-06 
91    0.00019899999999994922 
92    0.00019899999999994922 
93    0.00019899999999994922 
94    0.0009989999999999721 
95    0.00019899999999994922 
96    0.0003989999999999272 
97    0.0007989999999999942 
98    0.0009989999999999721 
99    0.0003989999999999272 
100    0.0003989999999999272 
101    -1.0000000000287557e-06 
102    -0.00020100000000000673 
103    0.0005990000000000162 
104    0.00019899999999994922 
105    0.00019899999999994922 
106    0.00019899999999994922 
107    0.0003989999999999272 
108    0.0005990000000000162 
109    0.0009989999999999721 
110    -1.0000000000287557e-06 
111    0.00019899999999994922 
112    0.0007989999999999942 
113    -0.0004009999999999847 
114    -1.0000000000287557e-06 
115    -1.0000000000287557e-06 
116    -0.00020100000000000673 
117    0.0005990000000000162 
118    -1.0000000000287557e-06 
119    0.00019899999999994922 
120    -0.00020100000000000673 
121    0.0005990000000000162 
122    0.0005990000000000162 
123    -0.00020100000000000673 
124    -1.0000000000287557e-06 
125    0.0003989999999999272 
126    0.0003989999999999272 
127    0.0007989999999999942 
128    0.00019899999999994922 
129    -1.0000000000287557e-06 
130    0.0005990000000000162 
131    0.0003989999999999272 
132    0.0003989999999999272 
133    -1.0000000000287557e-06 
134    0.0007989999999999942 
135    -0.0004009999999999847 
136    -0.00020100000000000673 
137    0.0005990000000000162 
138    -0.00020100000000000673 
139    0.0005990000000000162 
140    0.0003989999999999272 
141    0.0007989999999999942 
142    -0.00020100000000000673 
143    -1.0000000000287557e-06 
144    -1.0000000000287557e-06 
145    -1.0000000000287557e-06 
146    0.0003989999999999272 
147    -0.0006010000000000737 
148    -0.00020100000000000673 
149    0.0005990000000000162 
150    -0.00020100000000000673 
151    -0.0004009999999999847 
152    0.00019899999999994922 
153    0.0005990000000000162 
154    0.0003989999999999272 
155    -0.0004009999999999847 
156    0.0003989999999999272 
157    0.00019899999999994922 
158    -0.0004009999999999847 
159    0.0003989999999999272 
160    0.0007989999999999942 
161    0.0003989999999999272 
162    0.0009989999999999721 
163    -0.0008010000000000517 
164    0.0005990000000000162 
165    0.0003989999999999272 
166    0.0003989999999999272 
167    -0.0004009999999999847 
168    0.00019899999999994922 
169    0.0007989999999999942 
170    0.0003989999999999272 
171    0.0005990000000000162 
172    -1.0000000000287557e-06 
173    -0.0004009999999999847 
174    0.00019899999999994922 
175    0.0003989999999999272 
176    0.00019899999999994922 
177    0.0007989999999999942 
178    0.0009989999999999721 
179    0.0003989999999999272 
180    0.00019899999999994922 
181    0.0003989999999999272 
182    0.0003989999999999272 
183    0.0005990000000000162 
184    -0.00020100000000000673 
185    0.00019899999999994922 
186    0.0005990000000000162 
187    -0.00020100000000000673 
188    0.0003989999999999272 
189    0.0005990000000000162 
190    0.0003989999999999272 
191    0.0003989999999999272 
192    0.0007989999999999942 
193    0.00019899999999994922 
194    0.0007989999999999942 
195    0.0003989999999999272 
196    -0.0004009999999999847 
197    0.0005990000000000162 
198    -1.0000000000287557e-06 
199    0.00019899999999994922 
200    -0.0006010000000000737 
201    0.0005990000000000162 
202    0.00019899999999994922 
203    0.00019899999999994922 
204    0.0003989999999999272 
205    0.0007989999999999942 
206    0.0005990000000000162 
207    -1.0000000000287557e-06 
208    0.00019899999999994922 
209    0.0003989999999999272 
210    0.0009989999999999721 
211    -0.00020100000000000673 
212    0.0003989999999999272 
213    0.0003989999999999272 
214    0.00019899999999994922 
215    0.0003989999999999272 
216    -0.0004009999999999847 
217    0.0005990000000000162 
218    0.0005990000000000162 
219    -0.0010010000000000296 
220    -0.0012010000000000076 
221    0.00019899999999994922 
222    0.0005990000000000162 
223    -1.0000000000287557e-06 
224    0.0005990000000000162 
225    -0.0008010000000000517 
226    0.0005990000000000162 
227    -1.0000000000287557e-06 
228    -0.0004009999999999847 
229    -1.0000000000287557e-06 
230    -0.00020100000000000673 
231    0.0003989999999999272 
232    -1.0000000000287557e-06 
233    -1.0000000000287557e-06 
234    -1.0000000000287557e-06 
235    0.00019899999999994922 
236    0.0005990000000000162 
237    -0.0004009999999999847 
238    0.0003989999999999272 
239    -1.0000000000287557e-06 
240    0.0005990000000000162 
241    0.0007989999999999942 
242    0.0009989999999999721 
243    -0.00020100000000000673 
244    -0.00020100000000000673 
245    0.0003989999999999272 
246    0.0005990000000000162 
247    0.0003989999999999272 
248    0.0005990000000000162 
249    -0.00020100000000000673 
250    0.00019899999999994922 
251    -0.00020100000000000673 
252    -0.00020100000000000673 
253    -1.0000000000287557e-06 
254    0.0007989999999999942 
255    0.0007989999999999942 
256    0.0003989999999999272 
257    -0.0004009999999999847 
258    -0.00020100000000000673 
259    0.0007989999999999942 
260    0.0007989999999999942 
261    0.00019899999999994922 
262    0.0005990000000000162 
263    0.0005990000000000162 
264    0.00019899999999994922 
265    -1.0000000000287557e-06 
266    -1.0000000000287557e-06 
267    0.00019899999999994922 
268    0.0003989999999999272 
269    0.00019899999999994922 
270    -1.0000000000287557e-06 
271    -1.0000000000287557e-06 
272    0.0005990000000000162 
273    0.0005990000000000162 
274    0.00019899999999994922 
275    0.0007989999999999942 
276    0.00019899999999994922 
277    0.00019899999999994922 
278    0.0003989999999999272 
279    0.00019899999999994922 
280    -0.00020100000000000673 
281    0.0005990000000000162 
282    0.0003989999999999272 
283    0.0009989999999999721 
284    0.0003989999999999272 
285    -0.0006010000000000737 
286    -1.0000000000287557e-06 
287    0.0003989999999999272 
288    -1.0000000000287557e-06 
289    0.00019899999999994922 
290    -0.00020100000000000673 
291    -0.0004009999999999847 
292    0.0007989999999999942 
293    0.00019899999999994922 
294    0.0005990000000000162 
295    0.0007989999999999942 
296    0.00019899999999994922 
297    0.0003989999999999272 
298    0.00019899999999994922 
299    0.00019899999999994922 
300    0.0005990000000000162 
301    0.0003989999999999272 
302    0.0009989999999999721 
303    0.0009989999999999721 
304    0.0009989999999999721 
305    -0.00020100000000000673 
306    -1.0000000000287557e-06 
307    0.0007989999999999942 
308    0.0007989999999999942 
309    -1.0000000000287557e-06 
310    0.0003989999999999272 
311    0.0003989999999999272 
312    -1.0000000000287557e-06 
313    -0.0006010000000000737 
314    0.00019899999999994922 
315    0.0007989999999999942 
316    -0.0004009999999999847 
317    -1.0000000000287557e-06 
318    0.0003989999999999272 
319    0.0007989999999999942 
320    0.0007989999999999942 
321    0.0007989999999999942 
322    -0.00020100000000000673 
323    0.00019899999999994922 
324    0.00019899999999994922 
325    0.0005990000000000162 
326    0.0003989999999999272 
327    0.0005990000000000162 
328    -1.0000000000287557e-06 
329    -1.0000000000287557e-06 
330    -0.00020100000000000673 
331    0.0009989999999999721 
332    0.0009989999999999721 
333    0.0007989999999999942 
334    0.0005990000000000162 
335    0.0003989999999999272 
336    -0.0008010000000000517 
337    -0.00020100000000000673 
338    0.0005990000000000162 
339    -0.0004009999999999847 
340    0.0009989999999999721 
341    -1.0000000000287557e-06 
342    0.0003989999999999272 
343    0.0009989999999999721 
344    -1.0000000000287557e-06 
345    0.00019899999999994922 
346    0.00019899999999994922 
347    -1.0000000000287557e-06 
348    -1.0000000000287557e-06 
349    0.00019899999999994922 
350    0.0007989999999999942 
351    -0.0008010000000000517 
352    0.00019899999999994922 
353    0.0005990000000000162 
354    -1.0000000000287557e-06 
355    0.0005990000000000162 
356    0.0007989999999999942 
357    0.0007989999999999942 
358    0.0005990000000000162 
359    -0.00020100000000000673 
360    0.0007989999999999942 
361    0.0003989999999999272 
362    -0.00020100000000000673 
363    -1.0000000000287557e-06 
364    0.00019899999999994922 
365    -0.0004009999999999847 
366    0.0003989999999999272 
367    -1.0000000000287557e-06 
368    -1.0000000000287557e-06 
369    0.00019899999999994922 
370    -1.0000000000287557e-06 
371    0.0003989999999999272 
372    0.0003989999999999272 
373    0.00019899999999994922 
374    0.0005990000000000162 
375    -0.00020100000000000673 
376    0.0005990000000000162 
377    0.00019899999999994922 
378    -1.0000000000287557e-06 
379    0.00019899999999994922 
380    0.0007989999999999942 
381    -0.00020100000000000673 
382    -0.00020100000000000673 
383    0.00019899999999994922 
384    0.0003989999999999272 
385    0.0005990000000000162 
386    0.0003989999999999272 
387    0.0005990000000000162 
388    0.00019899999999994922 
389    0.0003989999999999272 
390    0.0005990000000000162 
391    0.0003989999999999272 
392    -0.0006010000000000737 
393    0.0005990000000000162 
394    0.00019899999999994922 
395    -0.0008010000000000517 
396    0.0005990000000000162 
397    0.00019899999999994922 
398    0.0005990000000000162 
399    -1.0000000000287557e-06 
400    0.00019899999999994922 
401    0.0005990000000000162 
402    0.0005990000000000162 
403    0.0003989999999999272 
404    -1.0000000000287557e-06 
405    0.0005990000000000162 
406    0.0005990000000000162 
407    0.0003989999999999272 
408    0.0003989999999999272 
409    -1.0000000000287557e-06 
410    0.00019899999999994922 
411    0.0003989999999999272 
412    0.0005990000000000162 
413    -0.0006010000000000737 
414    0.0005990000000000162 
415    0.00019899999999994922 
416    -0.0004009999999999847 
417    0.0009989999999999721 
418    0.00019899999999994922 
419    0.0009989999999999721 
420    0.0009989999999999721 
421    -1.0000000000287557e-06 
422    0.00019899999999994922 
423    0.0005990000000000162 
424    0.0007989999999999942 
425    0.0009989999999999721 
426    -1.0000000000287557e-06 
427    -0.00020100000000000673 
428    0.00019899999999994922 
429    0.0005990000000000162 
430    0.0005990000000000162 
431    0.0005990000000000162 
432    -1.0000000000287557e-06 
433    0.0007989999999999942 
434    0.00019899999999994922 
435    -1.0000000000287557e-06 
436    0.00019899999999994922 
437    0.0007989999999999942 
438    0.0003989999999999272 
439    -0.00020100000000000673 
440    -0.00020100000000000673 
441    -1.0000000000287557e-06 
442    0.0005990000000000162 
443    0.00019899999999994922 
444    0.00019899999999994922 
445    -1.0000000000287557e-06 
446    0.0007989999999999942 
447    -0.00020100000000000673 
448    0.0007989999999999942 
449    0.00019899999999994922 
450    -0.0006010000000000737 
451    0.0003989999999999272 
452    -1.0000000000287557e-06 
453    0.0005990000000000162 
454    0.00019899999999994922 
455    0.0005990000000000162 
456    0.00019899999999994922 
457    -0.0004009999999999847 
458    0.00019899999999994922 
459    0.0007989999999999942 
460    0.0003989999999999272 
461    -0.0004009999999999847 
462    0.0007989999999999942 
463    -0.0006010000000000737 
464    0.0005990000000000162 
465    0.0005990000000000162 
466    0.0003989999999999272 
467    -0.00020100000000000673 
468    0.00019899999999994922 
469    0.0005990000000000162 
470    0.00019899999999994922 
471    -0.0008010000000000517 
472    0.0007989999999999942 
473    -1.0000000000287557e-06 
474    0.0005990000000000162 
475    -1.0000000000287557e-06 
476    0.0003989999999999272 
477    0.0003989999999999272 
478    -1.0000000000287557e-06 
479    0.0007989999999999942 
480    0.00019899999999994922 
481    0.0003989999999999272 
482    -1.0000000000287557e-06 
483    -0.0004009999999999847 
484    -1.0000000000287557e-06 
485    -1.0000000000287557e-06 
486    -0.00020100000000000673 
487    0.0005990000000000162 
488    -0.00020100000000000673 
489    0.0003989999999999272 
490    -1.0000000000287557e-06 
491    0.0007989999999999942 
492    0.0005990000000000162 
493    0.0005990000000000162 
494    0.0007989999999999942 
495    0.00019899999999994922 
496    0.0005990000000000162 
497    0.0003989999999999272 
498    0.00019899999999994922 
499    -0.0006010000000000737 
500    0.0003989999999999272 
501    -1.0000000000287557e-06 
502    0.00019899999999994922 
503    0.00019899999999994922 
504    0.0009989999999999721 
505    0.0003989999999999272 
506    0.0003989999999999272 
507    0.00019899999999994922 
508    -1.0000000000287557e-06 
509    0.0003989999999999272 
510    0.0005990000000000162 
511    0.0003989999999999272 
512    0.0003989999999999272 
513    0.0003989999999999272 
514    -0.00020100000000000673 
515    0.0007989999999999942 
516    0.00019899999999994922 
517    0.00019899999999994922 
518    0.0005990000000000162 
519    0.00019899999999994922 
520    0.00019899999999994922 
521    0.0005990000000000162 
522    0.00019899999999994922 
523    0.0003989999999999272 
524    -1.0000000000287557e-06 
525    -0.00020100000000000673 
526    -1.0000000000287557e-06 
527    0.0007989999999999942 
528    0.0003989999999999272 
529    0.0005990000000000162 
530    0.00019899999999994922 
531    0.0003989999999999272 
532    -1.0000000000287557e-06 
533    0.00019899999999994922 
534    -0.00020100000000000673 
535    0.00019899999999994922 
536    0.0003989999999999272 
537    0.0005990000000000162 
538    0.0005990000000000162 
539    0.00019899999999994922 
540    0.0003989999999999272 
541    -1.0000000000287557e-06 
542    0.0005990000000000162 
543    -1.0000000000287557e-06 
544    0.0003989999999999272 
545    0.0005990000000000162 
546    -1.0000000000287557e-06 
547    0.0003989999999999272 
548    0.00019899999999994922 
549    0.0007989999999999942 
550    0.00019899999999994922 
551    0.00019899999999994922 
552    0.00019899999999994922 
553    0.0005990000000000162 
554    0.00019899999999994922 
555    -0.00020100000000000673 
556    0.0003989999999999272 
557    -1.0000000000287557e-06 
558    0.0005990000000000162 
559    -0.0004009999999999847 
560    0.0005990000000000162 
561    -0.0004009999999999847 
562    0.00019899999999994922 
563    -1.0000000000287557e-06 
564    -0.00020100000000000673 
565    -1.0000000000287557e-06 
566    0.0005990000000000162 
567    0.0009989999999999721 
568    -1.0000000000287557e-06 
569    0.0009989999999999721 
570    0.0005990000000000162 
571    0.00019899999999994922 
572    0.0005990000000000162 
573    0.0003989999999999272 
574    0.0005990000000000162 
575    -0.0006010000000000737 
576    0.0005990000000000162 
577    0.00019899999999994922 
578    0.0003989999999999272 
579    0.0007989999999999942 
580    0.0005990000000000162 
581    0.0005990000000000162 
582    -0.0006010000000000737 
583    0.00019899999999994922 
584    0.0003989999999999272 
585    0.0005990000000000162 
586    0.0007989999999999942 
587    0.0003989999999999272 
588    0.0005990000000000162 
589    0.00019899999999994922 
590    0.0005990000000000162 
591    0.00019899999999994922 
592    -1.0000000000287557e-06 
593    -1.0000000000287557e-06 
594    0.0005990000000000162 
595    0.00019899999999994922 
596    0.0005990000000000162 
597    -1.0000000000287557e-06 
598    -1.0000000000287557e-06 
599    0.0003989999999999272 
600    -0.0010010000000000296 
601    0.0005990000000000162 
602    0.0007989999999999942 
603    0.0003989999999999272 
604    -1.0000000000287557e-06 
605    0.0003989999999999272 
606    0.0005990000000000162 
607    -1.0000000000287557e-06 
608    -1.0000000000287557e-06 
609    0.00019899999999994922 
610    0.0003989999999999272 
611    0.0007989999999999942 
612    0.0007989999999999942 
613    0.00019899999999994922 
614    -0.00020100000000000673 
615    -1.0000000000287557e-06 
616    -1.0000000000287557e-06 
617    0.0005990000000000162 
618    0.00019899999999994922 
619    0.0003989999999999272 
620    0.0003989999999999272 
621    0.00019899999999994922 
622    0.00019899999999994922 
623    -1.0000000000287557e-06 
624    0.0003989999999999272 
625    -0.00020100000000000673 
626    0.00019899999999994922 
627    0.0007989999999999942 
628    0.0005990000000000162 
629    0.0007989999999999942 
630    -0.00020100000000000673 
631    0.0009989999999999721 
632    0.0005990000000000162 
633    0.0005990000000000162 
634    -1.0000000000287557e-06 
635    0.00019899999999994922 
636    0.0003989999999999272 
637    0.00019899999999994922 
638    0.0009989999999999721 
639    -1.0000000000287557e-06 
640    0.00019899999999994922 
641    -0.0004009999999999847 
642    -0.0004009999999999847 
643    0.0007989999999999942 
644    0.0005990000000000162 
645    0.0005990000000000162 
646    0.0005990000000000162 
647    0.00019899999999994922 
648    0.0003989999999999272 
649    -1.0000000000287557e-06 
650    -1.0000000000287557e-06 
651    0.0005990000000000162 
652    0.0009989999999999721 
653    0.00019899999999994922 
654    0.0003989999999999272 
655    -1.0000000000287557e-06 
656    0.00019899999999994922 
657    0.00019899999999994922 
658    0.0007989999999999942 
659    -0.00020100000000000673 
660    0.0003989999999999272 
661    0.0005990000000000162 
662    -0.00020100000000000673 
663    -0.0008010000000000517 
664    0.00019899999999994922 
665    0.0005990000000000162 
666    0.00019899999999994922 
667    0.0005990000000000162 
668    0.0005990000000000162 
669    -0.00020100000000000673 
670    0.0005990000000000162 
671    0.0005990000000000162 
672    0.00019899999999994922 
673    0.00019899999999994922 
674    0.0009989999999999721 
675    0.0009989999999999721 
676    0.0007989999999999942 
677    0.00019899999999994922 
678    0.0005990000000000162 
679    0.0007989999999999942 
680    0.0005990000000000162 
681    -1.0000000000287557e-06 
682    0.0003989999999999272 
683    0.00019899999999994922 
684    0.00019899999999994922 
685    0.0003989999999999272 
686    0.0005990000000000162 
687    0.0007989999999999942 
688    0.0007989999999999942 
689    0.00019899999999994922 
690    0.0007989999999999942 
691    0.00019899999999994922 
692    0.0007989999999999942 
693    0.00019899999999994922 
694    -1.0000000000287557e-06 
695    -1.0000000000287557e-06 
696    0.0005990000000000162 
697    0.0007989999999999942 
698    0.00019899999999994922 
699    0.0005990000000000162 
700    0.00019899999999994922 
701    0.0003989999999999272 
702    0.0007989999999999942 
703    0.0005990000000000162 
704    0.00019899999999994922 
705    -0.00020100000000000673 
706    -0.0004009999999999847 
707    0.0007989999999999942 
708    0.0005990000000000162 
709    0.0003989999999999272 
710    0.0003989999999999272 
711    -0.00020100000000000673 
712    0.0005990000000000162 
713    0.00019899999999994922 
714    0.0003989999999999272 
715    0.0003989999999999272 
716    -0.00020100000000000673 
717    0.0005990000000000162 
718    0.0003989999999999272 
719    0.0005990000000000162 
720    -1.0000000000287557e-06 
721    -0.0004009999999999847 
722    0.0007989999999999942 
723    -0.0006010000000000737 
724    -0.00020100000000000673 
725    0.0005990000000000162 
726    0.0007989999999999942 
727    -0.00020100000000000673 
728    0.0005990000000000162 
729    0.00019899999999994922 
730    -0.00020100000000000673 
731    -1.0000000000287557e-06 
732    0.0005990000000000162 
733    -0.00020100000000000673 
734    -1.0000000000287557e-06 
735    0.0003989999999999272 
736    -1.0000000000287557e-06 
737    0.0005990000000000162 
738    0.0003989999999999272 
739    0.00019899999999994922 
740    -0.0008010000000000517 
741    -0.0008010000000000517 
742    0.0005990000000000162 
743    -0.00020100000000000673 
744    0.00019899999999994922 
745    0.0003989999999999272 
746    0.0005990000000000162 
747    0.0005990000000000162 
748    0.0005990000000000162 
749    0.0005990000000000162 
750    -1.0000000000287557e-06 
751    0.0005990000000000162 
752    0.0005990000000000162 
753    0.0005990000000000162 
754    -0.00020100000000000673 
755    -1.0000000000287557e-06 
756    0.0005990000000000162 
757    -0.0008010000000000517 
758    -1.0000000000287557e-06 
759    0.0007989999999999942 
760    -0.0006010000000000737 
761    0.0005990000000000162 
762    0.00019899999999994922 
763    0.0005990000000000162 
764    0.0003989999999999272 
765    -1.0000000000287557e-06 
766    0.00019899999999994922 
767    0.0003989999999999272 
768    -0.0004009999999999847 
769    0.00019899999999994922 
770    0.0003989999999999272 
771    0.0003989999999999272 
772    0.0005990000000000162 
773    -1.0000000000287557e-06 
774    -1.0000000000287557e-06 
775    0.00019899999999994922 
776    0.0003989999999999272 
777    -0.0004009999999999847 
778    0.0005990000000000162 
779    0.0007989999999999942 
780    -1.0000000000287557e-06 
781    -1.0000000000287557e-06 
782    -0.00020100000000000673 
783    -1.0000000000287557e-06 
784    0.0005990000000000162 
785    0.0003989999999999272 
786    -0.00020100000000000673 
787    0.0005990000000000162 
788    0.0005990000000000162 
789    0.00019899999999994922 
790    0.0003989999999999272 
791    0.0003989999999999272 
792    0.0003989999999999272 
793    -0.00020100000000000673 
794    0.0005990000000000162 
795    -0.00020100000000000673 
796    -0.0004009999999999847 
797    -1.0000000000287557e-06 
798    -0.00020100000000000673 
799    0.0005990000000000162 
800    -0.0004009999999999847 
801    -0.0004009999999999847 
802    0.00019899999999994922 
803    0.00019899999999994922 
804    -0.00020100000000000673 
805    0.00019899999999994922 
806    -1.0000000000287557e-06 
807    0.0009989999999999721 
808    -1.0000000000287557e-06 
809    0.0003989999999999272 
810    -0.00020100000000000673 
811    0.0003989999999999272 
812    -1.0000000000287557e-06 
813    -1.0000000000287557e-06 
814    0.00019899999999994922 
815    0.00019899999999994922 
816    0.00019899999999994922 
817    0.00019899999999994922 
818    -0.00020100000000000673 
819    0.00019899999999994922 
820    -0.0004009999999999847 
821    -0.0004009999999999847 
822    -0.00020100000000000673 
823    0.0003989999999999272 
824    0.0007989999999999942 
825    0.0005990000000000162 
826    0.00019899999999994922 
827    0.0007989999999999942 
828    0.0003989999999999272 
829    -0.0006010000000000737 
830    0.0005990000000000162 
831    0.00019899999999994922 
832    -0.00020100000000000673 
833    -1.0000000000287557e-06 
834    0.0003989999999999272 
835    -0.0004009999999999847 
836    0.0003989999999999272 
837    0.0005990000000000162 
838    0.0005990000000000162 
839    0.0005990000000000162 
840    -0.0004009999999999847 
841    -0.00020100000000000673 
842    0.0007989999999999942 
843    0.0005990000000000162 
844    0.0005990000000000162 
845    0.0007989999999999942 
846    0.0005990000000000162 
847    0.0003989999999999272 
848    -0.00020100000000000673 
849    0.0005990000000000162 
850    0.00019899999999994922 
851    0.00019899999999994922 
852    0.0003989999999999272 
853    0.00019899999999994922 
854    0.0003989999999999272 
855    0.0005990000000000162 
856    0.0005990000000000162 
857    0.0005990000000000162 
858    0.0003989999999999272 
859    -1.0000000000287557e-06 
860    0.0007989999999999942 
861    -0.00020100000000000673 
862    -0.0004009999999999847 
863    -0.0004009999999999847 
864    0.0005990000000000162 
865    0.0007989999999999942 
866    -0.00020100000000000673 
867    0.0005990000000000162 
868    0.0003989999999999272 
869    0.0007989999999999942 
870    0.0005990000000000162 
871    0.0003989999999999272 
872    0.0003989999999999272 
873    0.00019899999999994922 
874    -0.0004009999999999847 
875    0.0005990000000000162 
876    0.00019899999999994922 
877    -1.0000000000287557e-06 
878    -0.00020100000000000673 
879    -1.0000000000287557e-06 
880    0.00019899999999994922 
881    -0.00020100000000000673 
882    0.0003989999999999272 
883    0.00019899999999994922 
884    -0.0004009999999999847 
885    0.0005990000000000162 
886    0.0005990000000000162 
887    0.0007989999999999942 
888    0.0003989999999999272 
889    0.0005990000000000162 
890    0.00019899999999994922 
891    -0.00020100000000000673 
892    0.0003989999999999272 
893    0.0005990000000000162 
894    0.0003989999999999272 
895    0.0007989999999999942 
896    0.0003989999999999272 
897    -0.00020100000000000673 
898    0.00019899999999994922 
899    -1.0000000000287557e-06 
900    0.00019899999999994922 
901    0.0005990000000000162 
902    0.00019899999999994922 
903    -0.0008010000000000517 
904    0.00019899999999994922 
905    0.00019899999999994922 
906    0.00019899999999994922 
907    0.00019899999999994922 
908    0.0003989999999999272 
909    0.0005990000000000162 
910    0.00019899999999994922 
911    0.0005990000000000162 
912    0.0005990000000000162 
913    0.0007989999999999942 
914    -0.0018010000000000526 
915    0.0007989999999999942 
916    0.0007989999999999942 
917    0.0005990000000000162 
918    0.0003989999999999272 
919    0.0005990000000000162 
920    0.0007989999999999942 
921    0.0007989999999999942 
922    -1.0000000000287557e-06 
923    0.0005990000000000162 
924    -1.0000000000287557e-06 
925    0.0007989999999999942 
926    0.0003989999999999272 
927    -1.0000000000287557e-06 
928    0.0003989999999999272 
929    0.0003989999999999272 
930    -0.0006010000000000737 
931    0.0003989999999999272 
932    0.00019899999999994922 
933    0.0007989999999999942 
934    0.0007989999999999942 
935    -1.0000000000287557e-06 
936    -0.0004009999999999847 
937    -0.0004009999999999847 
938    -0.00020100000000000673 
939    0.00019899999999994922 
940    0.0003989999999999272 
941    -1.0000000000287557e-06 
942    -0.00020100000000000673 
943    0.00019899999999994922 
944    -0.0004009999999999847 
945    0.0005990000000000162 
946    0.0005990000000000162 
947    0.00019899999999994922 
948    0.0009989999999999721 
949    0.0007989999999999942 
950    0.0005990000000000162 
951    -1.0000000000287557e-06 
952    0.0003989999999999272 
953    0.0003989999999999272 
954    -0.00020100000000000673 
955    -1.0000000000287557e-06 
956    0.0003989999999999272 
957    -1.0000000000287557e-06 
958    0.00019899999999994922 
959    0.0005990000000000162 
960    0.0005990000000000162 
961    0.0007989999999999942 
962    -1.0000000000287557e-06 
963    -0.00020100000000000673 
964    0.0007989999999999942 
965    0.00019899999999994922 
966    0.00019899999999994922 
967    -1.0000000000287557e-06 
968    0.0005990000000000162 
969    0.0007989999999999942 
970    -1.0000000000287557e-06 
971    0.0009989999999999721 
972    0.0007989999999999942 
973    0.0005990000000000162 
974    -1.0000000000287557e-06 
975    0.0003989999999999272 
976    0.0003989999999999272 
977    0.0007989999999999942 
978    0.0005990000000000162 
979    0.00019899999999994922 
980    -1.0000000000287557e-06 
981    0.0005990000000000162 
982    0.0005990000000000162 
983    0.0007989999999999942 
984    0.0003989999999999272 
985    0.0003989999999999272 
986    -1.0000000000287557e-06 
987    0.0003989999999999272 
988    0.0005990000000000162 
989    0.0003989999999999272 
990    0.0005990000000000162 
991    0.0005990000000000162 
992    0.0003989999999999272 
993    0.00019899999999994922 
994    0.0003989999999999272 
995    0.0005990000000000162 
996    0.00019899999999994922 
997    -0.0006010000000000737 
998    -0.00020100000000000673 
999    0.0003989999999999272 
