# mcs    C(t) 
0    0 
1    0.6827649600000001 
2    0.6641649599999999 
3    0.6441649600000001 
4    0.62536496 
5    0.61136496 
6    0.6035649599999999 
7    0.59036496 
8    0.57276496 
9    0.56276496 
10    0.5513649600000001 
11    0.5377649600000001 
12    0.5229649599999999 
13    0.5113649600000001 
14    0.49996496000000007 
15    0.49116496000000004 
16    0.4787649600000001 
17    0.46456495999999997 
18    0.44756496000000007 
19    0.43936495999999997 
20    0.42856496000000005 
21    0.41896496 
22    0.41036496000000006 
23    0.39996496 
24    0.39096496 
25    0.38036496000000003 
26    0.36936496 
27    0.36216496000000004 
28    0.35236496 
29    0.34076496000000006 
30    0.3355649600000001 
31    0.32816496 
32    0.31896496 
33    0.31076496000000003 
34    0.30376496000000003 
35    0.29456496000000004 
36    0.28536496000000006 
37    0.27936496000000005 
38    0.27456496 
39    0.26836496000000004 
40    0.26356496 
41    0.26336496000000004 
42    0.25856496 
43    0.2539649600000001 
44    0.25556496 
45    0.25576496 
46    0.25556496 
47    0.25096496000000007 
48    0.25036496 
49    0.24676495999999998 
50    0.24256496 
51    0.24316496000000004 
52    0.23956496 
53    0.24016496000000004 
54    0.23816496000000004 
55    0.23856496 
56    0.23796496000000006 
57    0.23716496000000004 
58    0.23736496 
59    0.24076495999999997 
60    0.23916496000000004 
61    0.23816496000000004 
62    0.24516496000000004 
63    0.24716496000000004 
64    0.24396496000000006 
65    0.24216496000000004 
66    0.24136496000000002 
67    0.23936496000000002 
68    0.23776495999999997 
69    0.23876495999999997 
70    0.23996496000000006 
71    0.24196496000000006 
72    0.24176495999999997 
73    0.24516496000000004 
74    0.24756496 
75    0.24896496000000007 
76    0.24856496 
77    0.24896496000000007 
78    0.24896496000000007 
79    0.24856496 
80    0.24836496000000002 
81    0.24876495999999998 
82    0.24956496 
83    0.24936496000000002 
84    0.24876495999999998 
85    0.24836496000000002 
86    0.24836496000000002 
87    0.24956496 
88    0.24956496 
89    0.24956496 
90    0.24856496 
91    0.24856496 
92    0.24896496000000007 
93    0.24936496000000002 
94    0.24916496000000005 
95    0.24956496 
96    0.24896496000000007 
97    0.24916496000000005 
98    0.24856496 
99    0.24856496 
100    0.24916496000000005 
101    0.24876495999999998 
102    0.24936496000000002 
103    0.24936496000000002 
104    0.24916496000000005 
105    0.24896496000000007 
106    0.24896496000000007 
107    0.24896496000000007 
108    0.24856496 
109    0.24856496 
110    0.24936496000000002 
111    0.24836496000000002 
112    0.24916496000000005 
113    0.24896496000000007 
114    0.24916496000000005 
115    0.24876495999999998 
116    0.24896496000000007 
117    0.24916496000000005 
118    0.24836496000000002 
119    0.24936496000000002 
120    0.24856496 
121    0.24936496000000002 
122    0.24916496000000005 
123    0.24896496000000007 
124    0.24876495999999998 
125    0.24876495999999998 
126    0.24856496 
127    0.24936496000000002 
128    0.24836496000000002 
129    0.24916496000000005 
130    0.24896496000000007 
131    0.24876495999999998 
132    0.24956496 
133    0.24856496 
134    0.24916496000000005 
135    0.24916496000000005 
136    0.24876495999999998 
137    0.24976495999999998 
138    0.24956496 
139    0.24896496000000007 
140    0.24896496000000007 
141    0.24936496000000002 
142    0.24896496000000007 
143    0.24896496000000007 
144    0.24916496000000005 
145    0.24876495999999998 
146    0.24896496000000007 
147    0.24856496 
148    0.24976495999999998 
149    0.24936496000000002 
150    0.24916496000000005 
151    0.24916496000000005 
152    0.24956496 
153    0.24856496 
154    0.24876495999999998 
155    0.24916496000000005 
156    0.24896496000000007 
157    0.24916496000000005 
158    0.24876495999999998 
159    0.24876495999999998 
160    0.24956496 
161    0.24816496000000005 
162    0.24896496000000007 
163    0.24836496000000002 
164    0.24916496000000005 
165    0.24856496 
166    0.24936496000000002 
167    0.24896496000000007 
168    0.24836496000000002 
169    0.24916496000000005 
170    0.24956496 
171    0.24956496 
172    0.24796496000000007 
173    0.24856496 
174    0.24916496000000005 
175    0.24896496000000007 
176    0.24856496 
177    0.24956496 
178    0.24936496000000002 
179    0.24856496 
180    0.24856496 
181    0.24896496000000007 
182    0.24936496000000002 
183    0.24956496 
184    0.24876495999999998 
185    0.24876495999999998 
186    0.24776495999999998 
187    0.24896496000000007 
188    0.24916496000000005 
189    0.24956496 
190    0.24896496000000007 
191    0.24876495999999998 
192    0.24876495999999998 
193    0.24836496000000002 
194    0.24816496000000005 
195    0.24876495999999998 
196    0.24956496 
197    0.24916496000000005 
198    0.24936496000000002 
199    0.24916496000000005 
200    0.24836496000000002 
201    0.24876495999999998 
202    0.24896496000000007 
203    0.24856496 
204    0.24896496000000007 
205    0.24896496000000007 
206    0.24896496000000007 
207    0.24876495999999998 
208    0.24856496 
209    0.24916496000000005 
210    0.24856496 
211    0.24956496 
212    0.24876495999999998 
213    0.24896496000000007 
214    0.24916496000000005 
215    0.24876495999999998 
216    0.24956496 
217    0.24876495999999998 
218    0.24856496 
219    0.24976495999999998 
220    0.24916496000000005 
221    0.24916496000000005 
222    0.24936496000000002 
223    0.24916496000000005 
224    0.24836496000000002 
225    0.24876495999999998 
226    0.24816496000000005 
227    0.24876495999999998 
228    0.24916496000000005 
229    0.24896496000000007 
230    0.24856496 
231    0.24816496000000005 
232    0.24856496 
233    0.24876495999999998 
234    0.25016496000000005 
235    0.24896496000000007 
236    0.24896496000000007 
237    0.24916496000000005 
238    0.24896496000000007 
239    0.24876495999999998 
240    0.24896496000000007 
241    0.24876495999999998 
242    0.24916496000000005 
243    0.24916496000000005 
244    0.24896496000000007 
245    0.24916496000000005 
246    0.24836496000000002 
247    0.24916496000000005 
248    0.24916496000000005 
249    0.24896496000000007 
250    0.24916496000000005 
251    0.24896496000000007 
252    0.24936496000000002 
253    0.24856496 
254    0.24836496000000002 
255    0.24916496000000005 
256    0.24836496000000002 
257    0.24936496000000002 
258    0.24896496000000007 
259    0.24856496 
260    0.24816496000000005 
261    0.24936496000000002 
262    0.24856496 
263    0.24796496000000007 
264    0.24836496000000002 
265    0.24796496000000007 
266    0.24916496000000005 
267    0.24876495999999998 
268    0.24956496 
269    0.24876495999999998 
270    0.24856496 
271    0.24856496 
272    0.24876495999999998 
273    0.24956496 
274    0.24856496 
275    0.24856496 
276    0.24916496000000005 
277    0.24896496000000007 
278    0.24916496000000005 
279    0.24896496000000007 
280    0.24856496 
281    0.24916496000000005 
282    0.24876495999999998 
283    0.24896496000000007 
284    0.24976495999999998 
285    0.24916496000000005 
286    0.24936496000000002 
287    0.24896496000000007 
288    0.24916496000000005 
289    0.24956496 
290    0.24896496000000007 
291    0.24916496000000005 
292    0.24896496000000007 
293    0.24856496 
294    0.24876495999999998 
295    0.24876495999999998 
296    0.24876495999999998 
297    0.24916496000000005 
298    0.24836496000000002 
299    0.24856496 
300    0.24856496 
301    0.24936496000000002 
302    0.24856496 
303    0.24916496000000005 
304    0.24916496000000005 
305    0.24896496000000007 
306    0.24836496000000002 
307    0.24896496000000007 
308    0.24896496000000007 
309    0.24936496000000002 
310    0.24876495999999998 
311    0.24876495999999998 
312    0.24916496000000005 
313    0.24916496000000005 
314    0.24916496000000005 
315    0.24896496000000007 
316    0.24816496000000005 
317    0.24856496 
318    0.24956496 
319    0.24936496000000002 
320    0.24916496000000005 
321    0.24916496000000005 
322    0.24996496000000007 
323    0.24876495999999998 
324    0.24836496000000002 
325    0.24976495999999998 
326    0.24856496 
327    0.24876495999999998 
328    0.24916496000000005 
329    0.24916496000000005 
330    0.24916496000000005 
331    0.24836496000000002 
332    0.24956496 
333    0.24876495999999998 
334    0.24876495999999998 
335    0.24916496000000005 
336    0.24916496000000005 
337    0.24896496000000007 
338    0.24936496000000002 
339    0.24896496000000007 
340    0.24976495999999998 
341    0.24916496000000005 
342    0.24936496000000002 
343    0.24896496000000007 
344    0.24856496 
345    0.24916496000000005 
346    0.24956496 
347    0.24876495999999998 
348    0.24976495999999998 
349    0.24916496000000005 
350    0.24896496000000007 
351    0.24856496 
352    0.24916496000000005 
353    0.24956496 
354    0.24976495999999998 
355    0.24916496000000005 
356    0.24816496000000005 
357    0.24916496000000005 
358    0.24956496 
359    0.24916496000000005 
360    0.24876495999999998 
361    0.24876495999999998 
362    0.24896496000000007 
363    0.24836496000000002 
364    0.24896496000000007 
365    0.24896496000000007 
366    0.24856496 
367    0.24936496000000002 
368    0.24896496000000007 
369    0.24916496000000005 
370    0.24896496000000007 
371    0.24916496000000005 
372    0.24896496000000007 
373    0.24856496 
374    0.24836496000000002 
375    0.24876495999999998 
376    0.24916496000000005 
377    0.24936496000000002 
378    0.24916496000000005 
379    0.24896496000000007 
380    0.24896496000000007 
381    0.24936496000000002 
382    0.24856496 
383    0.24936496000000002 
384    0.24916496000000005 
385    0.24916496000000005 
386    0.24896496000000007 
387    0.24856496 
388    0.24876495999999998 
389    0.24876495999999998 
390    0.24936496000000002 
391    0.24876495999999998 
392    0.24816496000000005 
393    0.24876495999999998 
394    0.24936496000000002 
395    0.24896496000000007 
396    0.24916496000000005 
397    0.24856496 
398    0.24816496000000005 
399    0.24836496000000002 
400    0.24876495999999998 
401    0.24896496000000007 
402    0.24776495999999998 
403    0.24896496000000007 
404    0.24916496000000005 
405    0.24816496000000005 
406    0.24956496 
407    0.24796496000000007 
408    0.24776495999999998 
409    0.24876495999999998 
410    0.24916496000000005 
411    0.24936496000000002 
412    0.24916496000000005 
413    0.24876495999999998 
414    0.24876495999999998 
415    0.24916496000000005 
416    0.24896496000000007 
417    0.24796496000000007 
418    0.24916496000000005 
419    0.24916496000000005 
420    0.24856496 
421    0.24976495999999998 
422    0.24936496000000002 
423    0.24936496000000002 
424    0.24916496000000005 
425    0.24916496000000005 
426    0.24916496000000005 
427    0.24876495999999998 
428    0.24856496 
429    0.24776495999999998 
430    0.24896496000000007 
431    0.24936496000000002 
432    0.24876495999999998 
433    0.24956496 
434    0.24916496000000005 
435    0.24896496000000007 
436    0.24996496000000007 
437    0.24896496000000007 
438    0.24916496000000005 
439    0.24896496000000007 
440    0.24956496 
441    0.24916496000000005 
442    0.24916496000000005 
443    0.24936496000000002 
444    0.24876495999999998 
445    0.24876495999999998 
446    0.24916496000000005 
447    0.24816496000000005 
448    0.24816496000000005 
449    0.24876495999999998 
450    0.24896496000000007 
451    0.24856496 
452    0.24896496000000007 
453    0.24896496000000007 
454    0.24936496000000002 
455    0.24836496000000002 
456    0.24896496000000007 
457    0.24876495999999998 
458    0.24916496000000005 
459    0.24856496 
460    0.24896496000000007 
461    0.24856496 
462    0.24896496000000007 
463    0.24896496000000007 
464    0.24856496 
465    0.24956496 
466    0.24836496000000002 
467    0.24816496000000005 
468    0.24896496000000007 
469    0.24876495999999998 
470    0.24956496 
471    0.24856496 
472    0.24836496000000002 
473    0.24776495999999998 
474    0.24956496 
475    0.24916496000000005 
476    0.24836496000000002 
477    0.24936496000000002 
478    0.24856496 
479    0.24836496000000002 
480    0.24936496000000002 
481    0.24916496000000005 
482    0.24876495999999998 
483    0.24896496000000007 
484    0.24916496000000005 
485    0.24876495999999998 
486    0.24856496 
487    0.24956496 
488    0.24876495999999998 
489    0.24876495999999998 
490    0.24876495999999998 
491    0.24896496000000007 
492    0.24916496000000005 
493    0.24936496000000002 
494    0.24876495999999998 
495    0.24836496000000002 
496    0.24836496000000002 
497    0.24876495999999998 
498    0.24856496 
499    0.24876495999999998 
500    0.24896496000000007 
501    0.24876495999999998 
502    0.24916496000000005 
503    0.24856496 
504    0.24936496000000002 
505    0.24836496000000002 
506    0.24956496 
507    0.24976495999999998 
508    0.24856496 
509    0.24816496000000005 
510    0.24896496000000007 
511    0.24876495999999998 
512    0.24916496000000005 
513    0.24976495999999998 
514    0.24856496 
515    0.24956496 
516    0.24876495999999998 
517    0.24876495999999998 
518    0.24876495999999998 
519    0.24856496 
520    0.24916496000000005 
521    0.24916496000000005 
522    0.24936496000000002 
523    0.24896496000000007 
524    0.24876495999999998 
525    0.24996496000000007 
526    0.24936496000000002 
527    0.24976495999999998 
528    0.24816496000000005 
529    0.24856496 
530    0.24956496 
531    0.24856496 
532    0.24896496000000007 
533    0.24896496000000007 
534    0.24856496 
535    0.24956496 
536    0.24896496000000007 
537    0.24896496000000007 
538    0.24896496000000007 
539    0.24956496 
540    0.24896496000000007 
541    0.24916496000000005 
542    0.24856496 
543    0.24876495999999998 
544    0.24896496000000007 
545    0.24936496000000002 
546    0.24916496000000005 
547    0.24896496000000007 
548    0.24896496000000007 
549    0.24876495999999998 
550    0.24916496000000005 
551    0.24876495999999998 
552    0.24916496000000005 
553    0.24936496000000002 
554    0.24816496000000005 
555    0.24896496000000007 
556    0.24856496 
557    0.24916496000000005 
558    0.24896496000000007 
559    0.24896496000000007 
560    0.24856496 
561    0.24876495999999998 
562    0.24876495999999998 
563    0.24936496000000002 
564    0.24876495999999998 
565    0.24896496000000007 
566    0.24896496000000007 
567    0.24876495999999998 
568    0.24956496 
569    0.24916496000000005 
570    0.24936496000000002 
571    0.24916496000000005 
572    0.24896496000000007 
573    0.24876495999999998 
574    0.24876495999999998 
575    0.24876495999999998 
576    0.24836496000000002 
577    0.24896496000000007 
578    0.24876495999999998 
579    0.24896496000000007 
580    0.24936496000000002 
581    0.24836496000000002 
582    0.24876495999999998 
583    0.24936496000000002 
584    0.24876495999999998 
585    0.24876495999999998 
586    0.24856496 
587    0.24936496000000002 
588    0.24936496000000002 
589    0.24936496000000002 
590    0.24916496000000005 
591    0.24916496000000005 
592    0.24896496000000007 
593    0.24836496000000002 
594    0.24916496000000005 
595    0.24896496000000007 
596    0.24996496000000007 
597    0.24936496000000002 
598    0.24856496 
599    0.24816496000000005 
600    0.24896496000000007 
601    0.24896496000000007 
602    0.24936496000000002 
603    0.24936496000000002 
604    0.24856496 
605    0.24936496000000002 
606    0.24936496000000002 
607    0.24916496000000005 
608    0.24916496000000005 
609    0.24896496000000007 
610    0.24876495999999998 
611    0.24856496 
612    0.24896496000000007 
613    0.24996496000000007 
614    0.24956496 
615    0.24896496000000007 
616    0.24936496000000002 
617    0.24896496000000007 
618    0.24876495999999998 
619    0.24896496000000007 
620    0.24876495999999998 
621    0.24876495999999998 
622    0.24956496 
623    0.24916496000000005 
624    0.24896496000000007 
625    0.24916496000000005 
626    0.24916496000000005 
627    0.24876495999999998 
628    0.24896496000000007 
629    0.24896496000000007 
630    0.24996496000000007 
631    0.24896496000000007 
632    0.24876495999999998 
633    0.24956496 
634    0.24936496000000002 
635    0.24956496 
636    0.24896496000000007 
637    0.24856496 
638    0.24916496000000005 
639    0.24956496 
640    0.24916496000000005 
641    0.24876495999999998 
642    0.24896496000000007 
643    0.24916496000000005 
644    0.24816496000000005 
645    0.24876495999999998 
646    0.24896496000000007 
647    0.24896496000000007 
648    0.24856496 
649    0.24876495999999998 
650    0.24896496000000007 
651    0.24916496000000005 
652    0.24856496 
653    0.24876495999999998 
654    0.24776495999999998 
655    0.24836496000000002 
656    0.24896496000000007 
657    0.24816496000000005 
658    0.24896496000000007 
659    0.24976495999999998 
660    0.24936496000000002 
661    0.24976495999999998 
662    0.24856496 
663    0.24876495999999998 
664    0.24896496000000007 
665    0.24896496000000007 
666    0.24916496000000005 
667    0.24876495999999998 
668    0.24936496000000002 
669    0.24856496 
670    0.24916496000000005 
671    0.24936496000000002 
672    0.24856496 
673    0.24876495999999998 
674    0.24936496000000002 
675    0.24876495999999998 
676    0.24876495999999998 
677    0.24856496 
678    0.24916496000000005 
679    0.24856496 
680    0.24936496000000002 
681    0.24956496 
682    0.24856496 
683    0.24956496 
684    0.24876495999999998 
685    0.24916496000000005 
686    0.24876495999999998 
687    0.24936496000000002 
688    0.24936496000000002 
689    0.24896496000000007 
690    0.24916496000000005 
691    0.24916496000000005 
692    0.24936496000000002 
693    0.24936496000000002 
694    0.24916496000000005 
695    0.24956496 
696    0.24916496000000005 
697    0.24896496000000007 
698    0.24876495999999998 
699    0.24956496 
700    0.24916496000000005 
701    0.24796496000000007 
702    0.24916496000000005 
703    0.24856496 
704    0.24916496000000005 
705    0.24896496000000007 
706    0.24916496000000005 
707    0.24936496000000002 
708    0.24896496000000007 
709    0.24916496000000005 
710    0.24936496000000002 
711    0.24936496000000002 
712    0.24916496000000005 
713    0.24896496000000007 
714    0.24876495999999998 
715    0.24916496000000005 
716    0.24936496000000002 
717    0.24896496000000007 
718    0.24916496000000005 
719    0.24896496000000007 
720    0.24876495999999998 
721    0.24916496000000005 
722    0.24896496000000007 
723    0.24876495999999998 
724    0.24936496000000002 
725    0.24936496000000002 
726    0.24916496000000005 
727    0.24876495999999998 
728    0.24896496000000007 
729    0.24836496000000002 
730    0.24856496 
731    0.24916496000000005 
732    0.24796496000000007 
733    0.24896496000000007 
734    0.24836496000000002 
735    0.24856496 
736    0.24876495999999998 
737    0.24896496000000007 
738    0.24896496000000007 
739    0.24876495999999998 
740    0.24856496 
741    0.24896496000000007 
742    0.24876495999999998 
743    0.24856496 
744    0.24916496000000005 
745    0.24896496000000007 
746    0.24896496000000007 
747    0.24876495999999998 
748    0.24876495999999998 
749    0.24916496000000005 
750    0.24836496000000002 
751    0.24896496000000007 
752    0.24916496000000005 
753    0.24976495999999998 
754    0.24816496000000005 
755    0.24876495999999998 
756    0.24916496000000005 
757    0.24876495999999998 
758    0.24896496000000007 
759    0.24896496000000007 
760    0.24916496000000005 
761    0.24916496000000005 
762    0.24876495999999998 
763    0.24896496000000007 
764    0.24936496000000002 
765    0.24936496000000002 
766    0.24936496000000002 
767    0.24936496000000002 
768    0.24916496000000005 
769    0.24956496 
770    0.24956496 
771    0.24936496000000002 
772    0.24876495999999998 
773    0.24876495999999998 
774    0.24896496000000007 
775    0.24936496000000002 
776    0.24916496000000005 
777    0.24916496000000005 
778    0.24956496 
779    0.24876495999999998 
780    0.24876495999999998 
781    0.24876495999999998 
782    0.24836496000000002 
783    0.24836496000000002 
784    0.24916496000000005 
785    0.24976495999999998 
786    0.24916496000000005 
787    0.24876495999999998 
788    0.24916496000000005 
789    0.24896496000000007 
790    0.24956496 
791    0.24936496000000002 
792    0.24916496000000005 
793    0.24816496000000005 
794    0.24956496 
795    0.24896496000000007 
796    0.24856496 
797    0.24916496000000005 
798    0.24956496 
799    0.24876495999999998 
800    0.24776495999999998 
801    0.24916496000000005 
802    0.24896496000000007 
803    0.24876495999999998 
804    0.24916496000000005 
805    0.24876495999999998 
806    0.24816496000000005 
807    0.24816496000000005 
808    0.24936496000000002 
809    0.24916496000000005 
810    0.24896496000000007 
811    0.24896496000000007 
812    0.24876495999999998 
813    0.24876495999999998 
814    0.24876495999999998 
815    0.24916496000000005 
816    0.24876495999999998 
817    0.24916496000000005 
818    0.24896496000000007 
819    0.24876495999999998 
820    0.24856496 
821    0.24836496000000002 
822    0.24876495999999998 
823    0.24956496 
824    0.24896496000000007 
825    0.24876495999999998 
826    0.24856496 
827    0.24856496 
828    0.24876495999999998 
829    0.24936496000000002 
830    0.24936496000000002 
831    0.24936496000000002 
832    0.24876495999999998 
833    0.24856496 
834    0.24876495999999998 
835    0.24916496000000005 
836    0.24896496000000007 
837    0.24916496000000005 
838    0.24816496000000005 
839    0.24856496 
840    0.24916496000000005 
841    0.24916496000000005 
842    0.24876495999999998 
843    0.24916496000000005 
844    0.24936496000000002 
845    0.24936496000000002 
846    0.24816496000000005 
847    0.24936496000000002 
848    0.24916496000000005 
849    0.24936496000000002 
850    0.24936496000000002 
851    0.24836496000000002 
852    0.24936496000000002 
853    0.24876495999999998 
854    0.24936496000000002 
855    0.24916496000000005 
856    0.24936496000000002 
857    0.24856496 
858    0.24896496000000007 
859    0.24916496000000005 
860    0.24936496000000002 
861    0.24896496000000007 
862    0.24956496 
863    0.24876495999999998 
864    0.24916496000000005 
865    0.24896496000000007 
866    0.24976495999999998 
867    0.24936496000000002 
868    0.24936496000000002 
869    0.24956496 
870    0.24896496000000007 
871    0.24936496000000002 
872    0.24996496000000007 
873    0.24896496000000007 
874    0.24936496000000002 
875    0.24876495999999998 
876    0.24856496 
877    0.24936496000000002 
878    0.24896496000000007 
879    0.24896496000000007 
880    0.24936496000000002 
881    0.24956496 
882    0.24916496000000005 
883    0.24896496000000007 
884    0.24856496 
885    0.24876495999999998 
886    0.24896496000000007 
887    0.24796496000000007 
888    0.24936496000000002 
889    0.24936496000000002 
890    0.24876495999999998 
891    0.24936496000000002 
892    0.24856496 
893    0.24876495999999998 
894    0.24876495999999998 
895    0.24836496000000002 
896    0.24896496000000007 
897    0.24796496000000007 
898    0.24896496000000007 
899    0.24896496000000007 
900    0.24836496000000002 
901    0.24896496000000007 
902    0.24876495999999998 
903    0.24716496000000004 
904    0.24896496000000007 
905    0.24896496000000007 
906    0.24876495999999998 
907    0.24836496000000002 
908    0.24876495999999998 
909    0.24896496000000007 
910    0.24916496000000005 
911    0.24976495999999998 
912    0.24956496 
913    0.24856496 
914    0.24836496000000002 
915    0.24896496000000007 
916    0.24876495999999998 
917    0.24936496000000002 
918    0.24876495999999998 
919    0.24876495999999998 
920    0.24956496 
921    0.24916496000000005 
922    0.24816496000000005 
923    0.24896496000000007 
924    0.24876495999999998 
925    0.24896496000000007 
926    0.24836496000000002 
927    0.24856496 
928    0.24896496000000007 
929    0.24876495999999998 
930    0.24816496000000005 
931    0.24856496 
932    0.24936496000000002 
933    0.24796496000000007 
934    0.24836496000000002 
935    0.24876495999999998 
936    0.24876495999999998 
937    0.24916496000000005 
938    0.24896496000000007 
939    0.24896496000000007 
940    0.24876495999999998 
941    0.24916496000000005 
942    0.24956496 
943    0.24876495999999998 
944    0.24856496 
945    0.24796496000000007 
946    0.24896496000000007 
947    0.24896496000000007 
948    0.24936496000000002 
949    0.24876495999999998 
950    0.24916496000000005 
951    0.24896496000000007 
952    0.24916496000000005 
953    0.24856496 
954    0.24896496000000007 
955    0.24896496000000007 
956    0.24896496000000007 
957    0.24916496000000005 
958    0.24936496000000002 
959    0.24916496000000005 
960    0.24876495999999998 
961    0.24916496000000005 
962    0.24896496000000007 
963    0.24916496000000005 
964    0.24956496 
965    0.24916496000000005 
966    0.24856496 
967    0.24916496000000005 
968    0.24956496 
969    0.24936496000000002 
970    0.24936496000000002 
971    0.24916496000000005 
972    0.24956496 
973    0.24936496000000002 
974    0.24916496000000005 
975    0.24916496000000005 
976    0.24916496000000005 
977    0.24896496000000007 
978    0.24896496000000007 
979    0.24876495999999998 
980    0.24936496000000002 
981    0.24856496 
982    0.24856496 
983    0.24816496000000005 
984    0.24896496000000007 
985    0.24876495999999998 
986    0.24856496 
987    0.24876495999999998 
988    0.24876495999999998 
989    0.24876495999999998 
990    0.24876495999999998 
991    0.24936496000000002 
992    0.24876495999999998 
993    0.24916496000000005 
994    0.24936496000000002 
995    0.24936496000000002 
996    0.24856496 
997    0.24896496000000007 
998    0.24896496000000007 
999    0.24816496000000005 
