# mcs    C(t) 
0    0 
1    -3.599999999215342e-07 
2    -0.0006003599999999665 
3    -0.0004003599999999885 
4    -3.599999999215342e-07 
5    -0.0002003599999998995 
6    0.00019964000000005644 
7    -3.599999999215342e-07 
8    -3.599999999215342e-07 
9    -3.599999999215342e-07 
10    -3.599999999215342e-07 
11    0.00019964000000005644 
12    0.00019964000000005644 
13    -0.0002003599999998995 
14    -0.0008003599999999444 
15    -3.599999999215342e-07 
16    -0.0006003599999999665 
17    -0.0010003599999999224 
18    -0.0002003599999998995 
19    -0.0008003599999999444 
20    0.00019964000000005644 
21    -3.599999999215342e-07 
22    -0.0006003599999999665 
23    0.00019964000000005644 
24    -0.0008003599999999444 
25    -0.0006003599999999665 
26    0.0005996400000000124 
27    0.0003996400000000344 
28    0.00019964000000005644 
29    -0.0004003599999999885 
30    0.0003996400000000344 
31    -3.599999999215342e-07 
32    0.0003996400000000344 
33    0.00019964000000005644 
34    -0.0006003599999999665 
35    -0.0012003599999999004 
36    -0.0002003599999998995 
37    -0.0002003599999998995 
38    -0.0002003599999998995 
39    0.0005996400000000124 
40    -0.0004003599999999885 
41    -0.0004003599999999885 
42    -3.599999999215342e-07 
43    -0.0002003599999998995 
44    -0.0004003599999999885 
45    -0.0008003599999999444 
46    0.00019964000000005644 
47    0.0003996400000000344 
48    0.0003996400000000344 
49    -0.0004003599999999885 
50    -0.0002003599999998995 
51    -0.0002003599999998995 
52    0.0003996400000000344 
53    -0.0008003599999999444 
54    -3.599999999215342e-07 
55    -3.599999999215342e-07 
56    0.00019964000000005644 
57    -0.0002003599999998995 
58    0.00019964000000005644 
59    -3.599999999215342e-07 
60    -0.0002003599999998995 
61    -0.0006003599999999665 
62    0.00019964000000005644 
63    -0.0010003599999999224 
64    -3.599999999215342e-07 
65    0.00019964000000005644 
66    -3.599999999215342e-07 
67    -3.599999999215342e-07 
68    0.00019964000000005644 
69    -0.0008003599999999444 
70    -3.599999999215342e-07 
71    0.00019964000000005644 
72    0.00019964000000005644 
73    0.00019964000000005644 
74    -3.599999999215342e-07 
75    -3.599999999215342e-07 
76    -0.0008003599999999444 
77    -0.0004003599999999885 
78    -0.0002003599999998995 
79    -3.599999999215342e-07 
80    0.00019964000000005644 
81    0.00019964000000005644 
82    -0.0002003599999998995 
83    -0.0004003599999999885 
84    0.0003996400000000344 
85    -0.0008003599999999444 
86    -3.599999999215342e-07 
87    -0.0002003599999998995 
88    -0.0008003599999999444 
89    0.0003996400000000344 
90    0.0003996400000000344 
91    -0.0002003599999998995 
92    0.00019964000000005644 
93    0.0003996400000000344 
94    -0.0004003599999999885 
95    -0.0002003599999998995 
96    -0.0002003599999998995 
97    0.00019964000000005644 
98    -0.0002003599999998995 
99    0.00019964000000005644 
100    -3.599999999215342e-07 
101    0.00019964000000005644 
102    -0.0008003599999999444 
103    -0.0010003599999999224 
104    -0.0002003599999998995 
105    0.00019964000000005644 
106    -3.599999999215342e-07 
107    -3.599999999215342e-07 
108    -3.599999999215342e-07 
109    -0.0002003599999998995 
110    -0.0010003599999999224 
111    -0.0006003599999999665 
112    -0.0004003599999999885 
113    -0.0016003599999999674 
114    -3.599999999215342e-07 
115    0.0003996400000000344 
116    -0.0002003599999998995 
117    0.0003996400000000344 
118    -0.0006003599999999665 
119    -0.0002003599999998995 
120    -0.0010003599999999224 
121    -0.0004003599999999885 
122    -0.0002003599999998995 
123    -3.599999999215342e-07 
124    -0.0004003599999999885 
125    -3.599999999215342e-07 
126    0.0003996400000000344 
127    -3.599999999215342e-07 
128    -0.0002003599999998995 
129    0.00019964000000005644 
130    -0.0002003599999998995 
131    -0.0008003599999999444 
132    0.00019964000000005644 
133    -0.0006003599999999665 
134    -0.0002003599999998995 
135    0.00019964000000005644 
136    -3.599999999215342e-07 
137    0.00019964000000005644 
138    -0.0008003599999999444 
139    -0.0004003599999999885 
140    -0.0004003599999999885 
141    0.00019964000000005644 
142    0.0003996400000000344 
143    -0.0008003599999999444 
144    -0.0006003599999999665 
145    -0.0002003599999998995 
146    0.00019964000000005644 
147    -0.0006003599999999665 
148    -0.0004003599999999885 
149    -0.0008003599999999444 
150    -0.0002003599999998995 
151    0.00019964000000005644 
152    -0.0004003599999999885 
153    -0.0006003599999999665 
154    -0.0002003599999998995 
155    -0.0006003599999999665 
156    0.00019964000000005644 
157    -3.599999999215342e-07 
158    -3.599999999215342e-07 
159    -0.0004003599999999885 
160    -3.599999999215342e-07 
161    -0.0004003599999999885 
162    -3.599999999215342e-07 
163    -0.0004003599999999885 
164    -0.0002003599999998995 
165    -3.599999999215342e-07 
166    0.00019964000000005644 
167    -0.0004003599999999885 
168    0.00019964000000005644 
169    -3.599999999215342e-07 
170    -0.0002003599999998995 
171    0.0003996400000000344 
172    -3.599999999215342e-07 
173    -0.0012003599999999004 
174    -0.0004003599999999885 
175    -3.599999999215342e-07 
176    -3.599999999215342e-07 
177    -0.0002003599999998995 
178    -0.0006003599999999665 
179    -0.0002003599999998995 
180    -0.0004003599999999885 
181    -0.0002003599999998995 
182    -0.0004003599999999885 
183    0.0003996400000000344 
184    -0.0004003599999999885 
185    -3.599999999215342e-07 
186    -3.599999999215342e-07 
187    -0.0004003599999999885 
188    -0.0004003599999999885 
189    -0.0002003599999998995 
190    -0.0004003599999999885 
191    0.0005996400000000124 
192    -0.0004003599999999885 
193    -0.0002003599999998995 
194    -0.0002003599999998995 
195    -0.0004003599999999885 
196    0.0003996400000000344 
197    -3.599999999215342e-07 
198    -3.599999999215342e-07 
199    -0.0004003599999999885 
200    -0.0002003599999998995 
201    -0.0004003599999999885 
202    0.00019964000000005644 
203    -0.0002003599999998995 
204    -0.0004003599999999885 
205    0.00019964000000005644 
206    -0.0004003599999999885 
207    -3.599999999215342e-07 
208    -0.0004003599999999885 
209    -3.599999999215342e-07 
210    -3.599999999215342e-07 
211    -3.599999999215342e-07 
212    -3.599999999215342e-07 
213    -0.0004003599999999885 
214    0.00019964000000005644 
215    -0.0010003599999999224 
216    -0.0004003599999999885 
217    -0.0002003599999998995 
218    -3.599999999215342e-07 
219    -0.0002003599999998995 
220    0.0003996400000000344 
221    -0.0004003599999999885 
222    0.0003996400000000344 
223    -0.0004003599999999885 
224    0.0003996400000000344 
225    -3.599999999215342e-07 
226    -0.0006003599999999665 
227    0.0005996400000000124 
228    -3.599999999215342e-07 
229    0.00019964000000005644 
230    -0.0004003599999999885 
231    -0.0010003599999999224 
232    -0.0014003599999999894 
233    -0.0002003599999998995 
234    0.00019964000000005644 
235    0.00019964000000005644 
236    -0.0004003599999999885 
237    -0.0008003599999999444 
238    -0.0002003599999998995 
239    -0.0002003599999998995 
240    -3.599999999215342e-07 
241    -0.0004003599999999885 
242    -3.599999999215342e-07 
243    -0.0002003599999998995 
244    -3.599999999215342e-07 
245    -0.0008003599999999444 
246    -0.0002003599999998995 
247    -0.0004003599999999885 
248    0.00019964000000005644 
249    0.0003996400000000344 
250    -0.0006003599999999665 
251    -0.0002003599999998995 
252    -0.0008003599999999444 
253    -0.0004003599999999885 
254    -0.0004003599999999885 
255    -0.0006003599999999665 
256    -0.0004003599999999885 
257    -0.0006003599999999665 
258    -0.0012003599999999004 
259    -0.0004003599999999885 
260    0.00019964000000005644 
261    -0.0008003599999999444 
262    -3.599999999215342e-07 
263    -3.599999999215342e-07 
264    -0.0008003599999999444 
265    -0.0004003599999999885 
266    -0.0004003599999999885 
267    -0.0002003599999998995 
268    -0.0006003599999999665 
269    -3.599999999215342e-07 
270    -0.0002003599999998995 
271    -0.0002003599999998995 
272    -3.599999999215342e-07 
273    -3.599999999215342e-07 
274    -3.599999999215342e-07 
275    -0.0002003599999998995 
276    -0.0012003599999999004 
277    -0.0008003599999999444 
278    -0.0004003599999999885 
279    -3.599999999215342e-07 
280    -0.0004003599999999885 
281    0.00019964000000005644 
282    -0.0002003599999998995 
283    0.0003996400000000344 
284    -0.0010003599999999224 
285    -0.0008003599999999444 
286    -0.0008003599999999444 
287    0.00019964000000005644 
288    0.00019964000000005644 
289    0.00019964000000005644 
290    -3.599999999215342e-07 
291    0.00019964000000005644 
292    0.00019964000000005644 
293    -0.0004003599999999885 
294    -0.0008003599999999444 
295    0.00019964000000005644 
296    -0.0002003599999998995 
297    0.00019964000000005644 
298    -0.0004003599999999885 
299    -3.599999999215342e-07 
300    -0.0002003599999998995 
301    -3.599999999215342e-07 
302    -3.599999999215342e-07 
303    -0.0008003599999999444 
304    0.00019964000000005644 
305    0.00019964000000005644 
306    0.0003996400000000344 
307    0.00019964000000005644 
308    -0.0008003599999999444 
309    0.00019964000000005644 
310    0.0003996400000000344 
311    -0.0002003599999998995 
312    0.00019964000000005644 
313    -0.0002003599999998995 
314    0.0003996400000000344 
315    0.00019964000000005644 
316    -3.599999999215342e-07 
317    -0.0002003599999998995 
318    0.00019964000000005644 
319    -3.599999999215342e-07 
320    -0.0002003599999998995 
321    0.0003996400000000344 
322    -0.0006003599999999665 
323    -0.0010003599999999224 
324    0.00019964000000005644 
325    0.00019964000000005644 
326    -0.0002003599999998995 
327    -0.0002003599999998995 
328    -3.599999999215342e-07 
329    0.00019964000000005644 
330    -0.0004003599999999885 
331    -3.599999999215342e-07 
332    -3.599999999215342e-07 
333    0.00019964000000005644 
334    -0.0004003599999999885 
335    -0.0004003599999999885 
336    -3.599999999215342e-07 
337    -3.599999999215342e-07 
338    -0.0006003599999999665 
339    -0.0008003599999999444 
340    -0.0004003599999999885 
341    0.0003996400000000344 
342    -0.0004003599999999885 
343    -3.599999999215342e-07 
344    0.00019964000000005644 
345    0.0003996400000000344 
346    -0.0004003599999999885 
347    0.00019964000000005644 
348    0.00019964000000005644 
349    -0.0004003599999999885 
350    -0.0004003599999999885 
351    -0.0002003599999998995 
352    0.00019964000000005644 
353    -0.0006003599999999665 
354    -0.0004003599999999885 
355    -3.599999999215342e-07 
356    0.0005996400000000124 
357    -0.0004003599999999885 
358    -0.0002003599999998995 
359    -0.0008003599999999444 
360    -0.0002003599999998995 
361    0.00019964000000005644 
362    0.00019964000000005644 
363    0.0003996400000000344 
364    -0.0002003599999998995 
365    -3.599999999215342e-07 
366    -3.599999999215342e-07 
367    -0.0012003599999999004 
368    -0.0002003599999998995 
369    -0.0004003599999999885 
370    -0.0008003599999999444 
371    -0.0006003599999999665 
372    -3.599999999215342e-07 
373    0.0003996400000000344 
374    -0.0010003599999999224 
375    -0.0002003599999998995 
376    -0.0010003599999999224 
377    0.00019964000000005644 
378    -3.599999999215342e-07 
379    -0.0004003599999999885 
380    -0.0004003599999999885 
381    0.0005996400000000124 
382    -0.0006003599999999665 
383    -0.0002003599999998995 
384    -0.0002003599999998995 
385    0.00019964000000005644 
386    -0.0008003599999999444 
387    -0.0002003599999998995 
388    0.0003996400000000344 
389    -0.0004003599999999885 
390    -3.599999999215342e-07 
391    -0.0004003599999999885 
392    0.00019964000000005644 
393    -0.0002003599999998995 
394    -3.599999999215342e-07 
395    0.0003996400000000344 
396    -0.0010003599999999224 
397    -3.599999999215342e-07 
398    0.0005996400000000124 
399    -0.0002003599999998995 
400    -0.0004003599999999885 
401    -0.0012003599999999004 
402    -0.0002003599999998995 
403    0.0003996400000000344 
404    -3.599999999215342e-07 
405    -3.599999999215342e-07 
406    0.0005996400000000124 
407    -0.0004003599999999885 
408    0.00019964000000005644 
409    0.0003996400000000344 
410    -0.0008003599999999444 
411    -3.599999999215342e-07 
412    0.00019964000000005644 
413    -0.0004003599999999885 
414    0.00019964000000005644 
415    -0.0006003599999999665 
416    -0.0002003599999998995 
417    -0.0002003599999998995 
418    -3.599999999215342e-07 
419    0.0003996400000000344 
420    0.0003996400000000344 
421    -0.0004003599999999885 
422    0.0003996400000000344 
423    -0.0008003599999999444 
424    -0.0004003599999999885 
425    0.0003996400000000344 
426    0.00019964000000005644 
427    0.0003996400000000344 
428    0.00019964000000005644 
429    -0.0002003599999998995 
430    -0.0008003599999999444 
431    0.0005996400000000124 
432    0.00019964000000005644 
433    -0.0018003599999999453 
434    0.00019964000000005644 
435    0.0005996400000000124 
436    0.00019964000000005644 
437    -0.0002003599999998995 
438    -0.0004003599999999885 
439    -0.0004003599999999885 
440    0.00019964000000005644 
441    -0.0004003599999999885 
442    -0.0002003599999998995 
443    -0.0012003599999999004 
444    -0.0006003599999999665 
445    -0.0014003599999999894 
446    -0.0004003599999999885 
447    -0.0014003599999999894 
448    -0.0002003599999998995 
449    -3.599999999215342e-07 
450    -0.0002003599999998995 
451    -0.0002003599999998995 
452    -0.0016003599999999674 
453    -3.599999999215342e-07 
454    0.00019964000000005644 
455    -3.599999999215342e-07 
456    -3.599999999215342e-07 
457    -0.0002003599999998995 
458    -0.0006003599999999665 
459    -3.599999999215342e-07 
460    -3.599999999215342e-07 
461    -3.599999999215342e-07 
462    -0.0004003599999999885 
463    -0.0002003599999998995 
464    -0.0002003599999998995 
465    0.00019964000000005644 
466    0.00019964000000005644 
467    -3.599999999215342e-07 
468    -0.0002003599999998995 
469    0.00019964000000005644 
470    -3.599999999215342e-07 
471    -0.0010003599999999224 
472    0.00019964000000005644 
473    0.00019964000000005644 
474    0.00019964000000005644 
475    -0.0002003599999998995 
476    0.0003996400000000344 
477    0.0003996400000000344 
478    0.0005996400000000124 
479    -0.0010003599999999224 
480    -3.599999999215342e-07 
481    -0.0004003599999999885 
482    -0.0002003599999998995 
483    0.00019964000000005644 
484    -0.0006003599999999665 
485    0.0005996400000000124 
486    -3.599999999215342e-07 
487    -0.0010003599999999224 
488    -3.599999999215342e-07 
489    -0.0002003599999998995 
490    -3.599999999215342e-07 
491    -0.0008003599999999444 
492    -0.0006003599999999665 
493    -0.0006003599999999665 
494    0.0003996400000000344 
495    -0.0002003599999998995 
496    -3.599999999215342e-07 
497    0.0003996400000000344 
498    -0.0014003599999999894 
499    -0.0006003599999999665 
500    -0.0004003599999999885 
501    -0.0008003599999999444 
502    -0.0008003599999999444 
503    0.00019964000000005644 
504    0.00019964000000005644 
505    -0.0002003599999998995 
506    -0.0010003599999999224 
507    0.00019964000000005644 
508    -0.0004003599999999885 
509    -0.0004003599999999885 
510    -0.0004003599999999885 
511    -0.0002003599999998995 
512    0.0003996400000000344 
513    -0.0002003599999998995 
514    -0.0002003599999998995 
515    -0.0004003599999999885 
516    -3.599999999215342e-07 
517    -0.0004003599999999885 
518    -0.0004003599999999885 
519    0.00019964000000005644 
520    0.00019964000000005644 
521    0.00019964000000005644 
522    -0.0006003599999999665 
523    -3.599999999215342e-07 
524    0.00019964000000005644 
525    -0.0002003599999998995 
526    -0.0002003599999998995 
527    0.0003996400000000344 
528    -3.599999999215342e-07 
529    -3.599999999215342e-07 
530    0.00019964000000005644 
531    0.0003996400000000344 
532    -3.599999999215342e-07 
533    0.00019964000000005644 
534    -3.599999999215342e-07 
535    -3.599999999215342e-07 
536    -0.0004003599999999885 
537    -0.0002003599999998995 
538    -0.0004003599999999885 
539    -3.599999999215342e-07 
540    -0.0002003599999998995 
541    -0.0004003599999999885 
542    -3.599999999215342e-07 
543    -3.599999999215342e-07 
544    0.0003996400000000344 
545    -0.0008003599999999444 
546    -0.0002003599999998995 
547    -3.599999999215342e-07 
548    0.0005996400000000124 
549    -0.0004003599999999885 
550    -3.599999999215342e-07 
551    -0.0006003599999999665 
552    0.00019964000000005644 
553    0.00019964000000005644 
554    -3.599999999215342e-07 
555    -3.599999999215342e-07 
556    -0.0002003599999998995 
557    -0.0002003599999998995 
558    -3.599999999215342e-07 
559    -0.0004003599999999885 
560    -0.0004003599999999885 
561    -0.0002003599999998995 
562    0.0003996400000000344 
563    -0.0002003599999998995 
564    -0.0002003599999998995 
565    0.0003996400000000344 
566    0.00019964000000005644 
567    0.00019964000000005644 
568    -0.0002003599999998995 
569    0.0003996400000000344 
570    -3.599999999215342e-07 
571    -0.0008003599999999444 
572    0.0003996400000000344 
573    0.00019964000000005644 
574    -0.0008003599999999444 
575    -0.0006003599999999665 
576    -0.0004003599999999885 
577    -0.0002003599999998995 
578    -3.599999999215342e-07 
579    -0.0006003599999999665 
580    -0.0002003599999998995 
581    -0.0006003599999999665 
582    -0.0012003599999999004 
583    -0.0002003599999998995 
584    -3.599999999215342e-07 
585    0.0003996400000000344 
586    -0.0002003599999998995 
587    -0.0006003599999999665 
588    -3.599999999215342e-07 
589    -0.0002003599999998995 
590    -3.599999999215342e-07 
591    -0.0004003599999999885 
592    -0.0006003599999999665 
593    -0.0002003599999998995 
594    -0.0010003599999999224 
595    0.00019964000000005644 
596    -0.0002003599999998995 
597    0.00019964000000005644 
598    -3.599999999215342e-07 
599    -3.599999999215342e-07 
600    0.0003996400000000344 
601    -3.599999999215342e-07 
602    0.00019964000000005644 
603    0.0003996400000000344 
604    -0.0004003599999999885 
605    0.00019964000000005644 
606    -0.0006003599999999665 
607    -0.0008003599999999444 
608    -0.0002003599999998995 
609    -0.0004003599999999885 
610    0.0003996400000000344 
611    -0.0004003599999999885 
612    0.0003996400000000344 
613    -0.0002003599999998995 
614    0.00019964000000005644 
615    0.00019964000000005644 
616    -3.599999999215342e-07 
617    -0.0004003599999999885 
618    -0.0002003599999998995 
619    0.0003996400000000344 
620    -0.0010003599999999224 
621    0.0005996400000000124 
622    0.0003996400000000344 
623    -0.0002003599999998995 
624    -0.0002003599999998995 
625    -0.0008003599999999444 
626    -0.0004003599999999885 
627    -0.0004003599999999885 
628    -0.0002003599999998995 
629    -0.0002003599999998995 
630    -0.0004003599999999885 
631    -0.0002003599999998995 
632    0.00019964000000005644 
633    -0.0002003599999998995 
634    -0.0002003599999998995 
635    -0.0002003599999998995 
636    -0.0004003599999999885 
637    -3.599999999215342e-07 
638    0.00019964000000005644 
639    -0.0006003599999999665 
640    -0.0004003599999999885 
641    -0.0002003599999998995 
642    -0.0006003599999999665 
643    0.0003996400000000344 
644    -3.599999999215342e-07 
645    -0.0010003599999999224 
646    0.00019964000000005644 
647    0.00019964000000005644 
648    -3.599999999215342e-07 
649    -0.0006003599999999665 
650    0.0003996400000000344 
651    -3.599999999215342e-07 
652    -0.0006003599999999665 
653    -0.0006003599999999665 
654    -0.0002003599999998995 
655    -0.0010003599999999224 
656    -0.0004003599999999885 
657    -3.599999999215342e-07 
658    -3.599999999215342e-07 
659    -0.0004003599999999885 
660    -3.599999999215342e-07 
661    -0.0004003599999999885 
662    -0.0002003599999998995 
663    -0.0002003599999998995 
664    -3.599999999215342e-07 
665    -0.0004003599999999885 
666    0.00019964000000005644 
667    -0.0002003599999998995 
668    -0.0004003599999999885 
669    0.00019964000000005644 
670    0.00019964000000005644 
671    -3.599999999215342e-07 
672    -0.0002003599999998995 
673    -3.599999999215342e-07 
674    -0.0002003599999998995 
675    0.0005996400000000124 
676    -0.0002003599999998995 
677    0.0003996400000000344 
678    -3.599999999215342e-07 
679    0.00019964000000005644 
680    0.0003996400000000344 
681    -3.599999999215342e-07 
682    0.00019964000000005644 
683    -0.0002003599999998995 
684    -0.0006003599999999665 
685    0.00019964000000005644 
686    0.0003996400000000344 
687    -0.0002003599999998995 
688    0.0005996400000000124 
689    0.00019964000000005644 
690    0.0003996400000000344 
691    -0.0010003599999999224 
692    0.0003996400000000344 
693    -0.0004003599999999885 
694    0.00019964000000005644 
695    -0.0002003599999998995 
696    -0.0008003599999999444 
697    0.00019964000000005644 
698    -0.0006003599999999665 
699    -3.599999999215342e-07 
700    0.0003996400000000344 
701    -0.0006003599999999665 
702    -3.599999999215342e-07 
703    -0.0002003599999998995 
704    -3.599999999215342e-07 
705    0.00019964000000005644 
706    0.00019964000000005644 
707    0.00019964000000005644 
708    0.0003996400000000344 
709    -3.599999999215342e-07 
710    0.00019964000000005644 
711    0.00019964000000005644 
712    -3.599999999215342e-07 
713    -0.0004003599999999885 
714    0.0003996400000000344 
715    -0.0010003599999999224 
716    -0.0002003599999998995 
717    -0.0006003599999999665 
718    -0.0002003599999998995 
719    -0.0006003599999999665 
720    -0.0008003599999999444 
721    -0.0004003599999999885 
722    0.00019964000000005644 
723    -3.599999999215342e-07 
724    -0.0002003599999998995 
725    -0.0002003599999998995 
726    -0.0004003599999999885 
727    -0.0002003599999998995 
728    0.00019964000000005644 
729    -0.0004003599999999885 
730    -3.599999999215342e-07 
731    -0.0004003599999999885 
732    0.0005996400000000124 
733    0.00019964000000005644 
734    -0.0002003599999998995 
735    0.0003996400000000344 
736    -3.599999999215342e-07 
737    -0.0004003599999999885 
738    0.0003996400000000344 
739    -0.0006003599999999665 
740    -0.0006003599999999665 
741    0.00019964000000005644 
742    -0.0008003599999999444 
743    -0.0002003599999998995 
744    -0.0004003599999999885 
745    -0.0012003599999999004 
746    -3.599999999215342e-07 
747    -0.0004003599999999885 
748    -0.0004003599999999885 
749    -3.599999999215342e-07 
750    0.0003996400000000344 
751    0.0005996400000000124 
752    0.00019964000000005644 
753    -0.0008003599999999444 
754    -0.0002003599999998995 
755    -0.0002003599999998995 
756    -0.0002003599999998995 
757    0.00019964000000005644 
758    -0.0002003599999998995 
759    -3.599999999215342e-07 
760    -0.0002003599999998995 
761    -3.599999999215342e-07 
762    0.0003996400000000344 
763    0.0003996400000000344 
764    -0.0002003599999998995 
765    0.0005996400000000124 
766    -3.599999999215342e-07 
767    -0.0006003599999999665 
768    -0.0004003599999999885 
769    0.0003996400000000344 
770    -0.0004003599999999885 
771    -0.0004003599999999885 
772    0.00019964000000005644 
773    0.0003996400000000344 
774    -3.599999999215342e-07 
775    -0.0004003599999999885 
776    -3.599999999215342e-07 
777    0.00019964000000005644 
778    -0.0002003599999998995 
779    -0.0006003599999999665 
780    0.00019964000000005644 
781    -0.0006003599999999665 
782    -0.0004003599999999885 
783    -0.0002003599999998995 
784    -0.0008003599999999444 
785    0.0003996400000000344 
786    -0.0006003599999999665 
787    0.00019964000000005644 
788    0.00019964000000005644 
789    -0.0002003599999998995 
790    0.00019964000000005644 
791    -0.0006003599999999665 
792    -0.0002003599999998995 
793    -0.0006003599999999665 
794    -0.0008003599999999444 
795    -0.0002003599999998995 
796    0.00019964000000005644 
797    -3.599999999215342e-07 
798    -0.0010003599999999224 
799    -0.0002003599999998995 
800    -0.0010003599999999224 
801    0.00019964000000005644 
802    0.0003996400000000344 
803    0.0005996400000000124 
804    -0.0006003599999999665 
805    -0.0006003599999999665 
806    -3.599999999215342e-07 
807    -0.0002003599999998995 
808    -0.0012003599999999004 
809    0.0005996400000000124 
810    0.0003996400000000344 
811    -0.0002003599999998995 
812    -0.0002003599999998995 
813    -0.0002003599999998995 
814    -3.599999999215342e-07 
815    -0.0004003599999999885 
816    -0.0002003599999998995 
817    -0.0004003599999999885 
818    -3.599999999215342e-07 
819    0.0005996400000000124 
820    -0.0006003599999999665 
821    -0.0006003599999999665 
822    -0.0002003599999998995 
823    -0.0002003599999998995 
824    -3.599999999215342e-07 
825    0.00019964000000005644 
826    -3.599999999215342e-07 
827    -0.0002003599999998995 
828    -0.0006003599999999665 
829    -3.599999999215342e-07 
830    -0.0002003599999998995 
831    -0.0004003599999999885 
832    -0.0002003599999998995 
833    -3.599999999215342e-07 
834    0.0003996400000000344 
835    0.0003996400000000344 
836    -0.0004003599999999885 
837    -3.599999999215342e-07 
838    -0.0004003599999999885 
839    -0.0006003599999999665 
840    -0.0004003599999999885 
841    0.00019964000000005644 
842    -0.0006003599999999665 
843    -3.599999999215342e-07 
844    -0.0006003599999999665 
845    -0.0002003599999998995 
846    0.00019964000000005644 
847    -0.0004003599999999885 
848    -0.0002003599999998995 
849    0.0005996400000000124 
850    0.0005996400000000124 
851    -3.599999999215342e-07 
852    0.0003996400000000344 
853    -0.0002003599999998995 
854    -0.0004003599999999885 
855    -3.599999999215342e-07 
856    -0.0008003599999999444 
857    -3.599999999215342e-07 
858    -0.0006003599999999665 
859    -0.0004003599999999885 
860    0.00019964000000005644 
861    -0.0006003599999999665 
862    -0.0006003599999999665 
863    -3.599999999215342e-07 
864    0.00019964000000005644 
865    0.00019964000000005644 
866    -3.599999999215342e-07 
867    -0.0004003599999999885 
868    0.00019964000000005644 
869    -3.599999999215342e-07 
870    0.00019964000000005644 
871    -3.599999999215342e-07 
872    -0.0010003599999999224 
873    -0.0006003599999999665 
874    0.0003996400000000344 
875    -0.0014003599999999894 
876    -0.0006003599999999665 
877    -0.0004003599999999885 
878    -0.0008003599999999444 
879    0.00019964000000005644 
880    -0.0002003599999998995 
881    0.00019964000000005644 
882    -0.0006003599999999665 
883    0.00019964000000005644 
884    0.0005996400000000124 
885    -0.0002003599999998995 
886    -0.0002003599999998995 
887    -3.599999999215342e-07 
888    -0.0002003599999998995 
889    0.00019964000000005644 
890    0.00019964000000005644 
891    -3.599999999215342e-07 
892    0.0003996400000000344 
893    -0.0008003599999999444 
894    -0.0004003599999999885 
895    -3.599999999215342e-07 
896    0.00019964000000005644 
897    0.0005996400000000124 
898    0.0005996400000000124 
899    -0.0014003599999999894 
900    -0.0008003599999999444 
901    -0.0004003599999999885 
902    -0.0004003599999999885 
903    0.0005996400000000124 
904    -0.0002003599999998995 
905    -3.599999999215342e-07 
906    0.00019964000000005644 
907    0.0003996400000000344 
908    -3.599999999215342e-07 
909    -3.599999999215342e-07 
910    -0.0002003599999998995 
911    -0.0010003599999999224 
912    0.00019964000000005644 
913    0.00019964000000005644 
914    -0.0008003599999999444 
915    -0.0004003599999999885 
916    0.0003996400000000344 
917    -0.0004003599999999885 
918    0.00019964000000005644 
919    -0.0002003599999998995 
920    -0.0004003599999999885 
921    0.00019964000000005644 
922    -3.599999999215342e-07 
923    -3.599999999215342e-07 
924    0.00019964000000005644 
925    -3.599999999215342e-07 
926    -0.0006003599999999665 
927    -0.0010003599999999224 
928    -0.0008003599999999444 
929    0.0003996400000000344 
930    0.0003996400000000344 
931    -0.0002003599999998995 
932    -0.0006003599999999665 
933    -0.0002003599999998995 
934    -0.0004003599999999885 
935    0.00019964000000005644 
936    -0.0002003599999998995 
937    0.00019964000000005644 
938    -3.599999999215342e-07 
939    0.0003996400000000344 
940    -0.0002003599999998995 
941    -0.0008003599999999444 
942    -0.0002003599999998995 
943    -3.599999999215342e-07 
944    0.00019964000000005644 
945    -3.599999999215342e-07 
946    0.00019964000000005644 
947    -0.0004003599999999885 
948    0.00019964000000005644 
949    0.00019964000000005644 
950    -0.0006003599999999665 
951    -3.599999999215342e-07 
952    -0.0010003599999999224 
953    -0.0002003599999998995 
954    0.00019964000000005644 
955    -0.0004003599999999885 
956    -3.599999999215342e-07 
957    -0.0002003599999998995 
958    -0.0002003599999998995 
959    0.00019964000000005644 
960    -0.0010003599999999224 
961    -0.0002003599999998995 
962    -0.0006003599999999665 
963    -0.0012003599999999004 
964    -3.599999999215342e-07 
965    0.00019964000000005644 
966    0.0003996400000000344 
967    0.00019964000000005644 
968    0.00019964000000005644 
969    -0.0014003599999999894 
970    0.00019964000000005644 
971    -0.0002003599999998995 
972    -0.0006003599999999665 
973    -3.599999999215342e-07 
974    0.0003996400000000344 
975    -0.0008003599999999444 
976    0.0005996400000000124 
977    -3.599999999215342e-07 
978    0.00019964000000005644 
979    -0.0006003599999999665 
980    0.00019964000000005644 
981    -3.599999999215342e-07 
982    -0.0002003599999998995 
983    -0.0002003599999998995 
984    0.0003996400000000344 
985    -3.599999999215342e-07 
986    -0.0002003599999998995 
987    -0.0006003599999999665 
988    -0.0002003599999998995 
989    0.00019964000000005644 
990    -3.599999999215342e-07 
991    -0.0004003599999999885 
992    -0.0006003599999999665 
993    0.00019964000000005644 
994    -3.599999999215342e-07 
995    -0.0002003599999998995 
996    -0.0004003599999999885 
997    -0.0004003599999999885 
998    -0.0002003599999998995 
999    -0.0002003599999998995 
