# mcs    C(t) 
0    0 
1    -3.599999999215342e-07 
2    -0.0002003599999998995 
3    -0.0002003599999998995 
4    -0.0002003599999998995 
5    -3.599999999215342e-07 
6    -0.0014003599999999894 
7    0.0003996400000000344 
8    0.00019964000000005644 
9    -0.0004003599999999885 
10    0.00019964000000005644 
11    0.00019964000000005644 
12    0.00019964000000005644 
13    -3.599999999215342e-07 
14    0.00019964000000005644 
15    0.0005996400000000124 
16    -3.599999999215342e-07 
17    0.0005996400000000124 
18    0.0003996400000000344 
19    -3.599999999215342e-07 
20    -3.599999999215342e-07 
21    -0.0004003599999999885 
22    -0.0002003599999998995 
23    -0.0002003599999998995 
24    -0.0002003599999998995 
25    -0.0008003599999999444 
26    0.0005996400000000124 
27    -0.0006003599999999665 
28    0.0005996400000000124 
29    -0.0002003599999998995 
30    -0.0006003599999999665 
31    -0.0002003599999998995 
32    -0.0006003599999999665 
33    -0.0004003599999999885 
34    -3.599999999215342e-07 
35    0.0003996400000000344 
36    0.00019964000000005644 
37    -0.0002003599999998995 
38    0.00019964000000005644 
39    -3.599999999215342e-07 
40    -0.0002003599999998995 
41    0.0003996400000000344 
42    -0.0004003599999999885 
43    -0.0004003599999999885 
44    -0.0004003599999999885 
45    0.0003996400000000344 
46    -0.0006003599999999665 
47    -0.0004003599999999885 
48    -0.0006003599999999665 
49    0.0005996400000000124 
50    -0.0006003599999999665 
51    0.00019964000000005644 
52    -0.0010003599999999224 
53    -3.599999999215342e-07 
54    0.00019964000000005644 
55    -0.0002003599999998995 
56    -0.0002003599999998995 
57    0.0003996400000000344 
58    -0.0002003599999998995 
59    -3.599999999215342e-07 
60    -0.0006003599999999665 
61    -0.0016003599999999674 
62    -0.0004003599999999885 
63    0.00019964000000005644 
64    0.00019964000000005644 
65    -0.0006003599999999665 
66    -3.599999999215342e-07 
67    -3.599999999215342e-07 
68    -0.0002003599999998995 
69    -0.0008003599999999444 
70    0.00019964000000005644 
71    -0.0002003599999998995 
72    0.0005996400000000124 
73    0.0005996400000000124 
74    -3.599999999215342e-07 
75    -0.0006003599999999665 
76    -0.0002003599999998995 
77    0.0003996400000000344 
78    -3.599999999215342e-07 
79    -0.0004003599999999885 
80    -0.0004003599999999885 
81    -3.599999999215342e-07 
82    0.00019964000000005644 
83    0.0003996400000000344 
84    0.0005996400000000124 
85    -0.0008003599999999444 
86    0.0003996400000000344 
87    -3.599999999215342e-07 
88    -3.599999999215342e-07 
89    0.00019964000000005644 
90    0.00019964000000005644 
91    -0.0004003599999999885 
92    -3.599999999215342e-07 
93    -0.0002003599999998995 
94    -0.0004003599999999885 
95    0.0003996400000000344 
96    0.0003996400000000344 
97    -0.0004003599999999885 
98    -0.0012003599999999004 
99    -0.0002003599999998995 
100    -3.599999999215342e-07 
101    -0.0004003599999999885 
102    0.00019964000000005644 
103    -3.599999999215342e-07 
104    -0.0002003599999998995 
105    -3.599999999215342e-07 
106    0.00019964000000005644 
107    0.0005996400000000124 
108    -0.0008003599999999444 
109    -3.599999999215342e-07 
110    0.00019964000000005644 
111    0.0003996400000000344 
112    0.0005996400000000124 
113    -0.0004003599999999885 
114    -0.0002003599999998995 
115    -0.0002003599999998995 
116    -0.0004003599999999885 
117    -0.0002003599999998995 
118    0.00019964000000005644 
119    -0.0012003599999999004 
120    0.00019964000000005644 
121    -0.0002003599999998995 
122    -3.599999999215342e-07 
123    -3.599999999215342e-07 
124    -3.599999999215342e-07 
125    -0.0004003599999999885 
126    0.0005996400000000124 
127    -0.0004003599999999885 
128    -3.599999999215342e-07 
129    0.00019964000000005644 
130    -3.599999999215342e-07 
131    -0.0002003599999998995 
132    -0.0002003599999998995 
133    -0.0004003599999999885 
134    0.0003996400000000344 
135    -3.599999999215342e-07 
136    0.00019964000000005644 
137    -0.0002003599999998995 
138    -3.599999999215342e-07 
139    -3.599999999215342e-07 
140    0.0005996400000000124 
141    0.0003996400000000344 
142    0.00019964000000005644 
143    -0.0002003599999998995 
144    -0.0002003599999998995 
145    -0.0006003599999999665 
146    -3.599999999215342e-07 
147    -0.0004003599999999885 
148    0.0003996400000000344 
149    -3.599999999215342e-07 
150    -0.0002003599999998995 
151    -0.0002003599999998995 
152    0.00019964000000005644 
153    -3.599999999215342e-07 
154    -0.0008003599999999444 
155    -0.0004003599999999885 
156    -3.599999999215342e-07 
157    -3.599999999215342e-07 
158    -0.0008003599999999444 
159    -0.0008003599999999444 
160    0.0003996400000000344 
161    -0.0002003599999998995 
162    -0.0004003599999999885 
163    -0.0002003599999998995 
164    0.0003996400000000344 
165    0.00019964000000005644 
166    0.00019964000000005644 
167    -3.599999999215342e-07 
168    -3.599999999215342e-07 
169    -3.599999999215342e-07 
170    0.00019964000000005644 
171    -0.0004003599999999885 
172    -0.0006003599999999665 
173    -0.0002003599999998995 
174    0.00019964000000005644 
175    -0.0002003599999998995 
176    0.0003996400000000344 
177    0.00019964000000005644 
178    -3.599999999215342e-07 
179    -3.599999999215342e-07 
180    0.0003996400000000344 
181    -0.0008003599999999444 
182    -3.599999999215342e-07 
183    -3.599999999215342e-07 
184    -0.0010003599999999224 
185    -0.0006003599999999665 
186    -0.0004003599999999885 
187    0.00019964000000005644 
188    -0.0004003599999999885 
189    -0.0002003599999998995 
190    0.0003996400000000344 
191    -0.0008003599999999444 
192    -0.0006003599999999665 
193    -0.0002003599999998995 
194    0.00019964000000005644 
195    0.00019964000000005644 
196    0.0005996400000000124 
197    -0.0004003599999999885 
198    -0.0002003599999998995 
199    0.00019964000000005644 
200    0.00019964000000005644 
201    -0.0002003599999998995 
202    -0.0004003599999999885 
203    0.0003996400000000344 
204    -3.599999999215342e-07 
205    -0.0004003599999999885 
206    0.00019964000000005644 
207    -0.0002003599999998995 
208    -3.599999999215342e-07 
209    -0.0004003599999999885 
210    0.0003996400000000344 
211    -3.599999999215342e-07 
212    -0.0002003599999998995 
213    -3.599999999215342e-07 
214    -3.599999999215342e-07 
215    -0.0010003599999999224 
216    -0.0002003599999998995 
217    -0.0002003599999998995 
218    -3.599999999215342e-07 
219    0.00019964000000005644 
220    -3.599999999215342e-07 
221    0.00019964000000005644 
222    -0.0004003599999999885 
223    0.0003996400000000344 
224    -3.599999999215342e-07 
225    -0.0008003599999999444 
226    -0.0006003599999999665 
227    -0.0002003599999998995 
228    0.00019964000000005644 
229    0.00019964000000005644 
230    -0.0004003599999999885 
231    -0.0006003599999999665 
232    0.0005996400000000124 
233    -3.599999999215342e-07 
234    0.00019964000000005644 
235    -0.0004003599999999885 
236    -0.0002003599999998995 
237    -0.0002003599999998995 
238    -0.0006003599999999665 
239    -3.599999999215342e-07 
240    0.0005996400000000124 
241    -0.0004003599999999885 
242    -3.599999999215342e-07 
243    -0.0002003599999998995 
244    -3.599999999215342e-07 
245    -3.599999999215342e-07 
246    -3.599999999215342e-07 
247    -0.0006003599999999665 
248    -3.599999999215342e-07 
249    -0.0002003599999998995 
250    -3.599999999215342e-07 
251    -0.0002003599999998995 
252    0.0003996400000000344 
253    -0.0006003599999999665 
254    -0.0004003599999999885 
255    -0.0004003599999999885 
256    -0.0002003599999998995 
257    0.0003996400000000344 
258    -0.0008003599999999444 
259    -0.0008003599999999444 
260    -0.0002003599999998995 
261    -0.0004003599999999885 
262    -0.0004003599999999885 
263    -3.599999999215342e-07 
264    -3.599999999215342e-07 
265    -0.0006003599999999665 
266    -0.0008003599999999444 
267    0.0003996400000000344 
268    -0.0006003599999999665 
269    -3.599999999215342e-07 
270    -0.0004003599999999885 
271    -0.0002003599999998995 
272    -0.0004003599999999885 
273    0.0003996400000000344 
274    0.00019964000000005644 
275    -0.0004003599999999885 
276    -0.0002003599999998995 
277    -0.0002003599999998995 
278    -3.599999999215342e-07 
279    0.0003996400000000344 
280    -0.0006003599999999665 
281    -0.0002003599999998995 
282    0.00019964000000005644 
283    0.00019964000000005644 
284    -0.0002003599999998995 
285    -0.0004003599999999885 
286    -0.0004003599999999885 
287    -0.0006003599999999665 
288    0.00019964000000005644 
289    0.00019964000000005644 
290    -0.0006003599999999665 
291    -0.0004003599999999885 
292    -3.599999999215342e-07 
293    -3.599999999215342e-07 
294    -0.0004003599999999885 
295    0.00019964000000005644 
296    -0.0002003599999998995 
297    -0.0002003599999998995 
298    0.00019964000000005644 
299    -0.0004003599999999885 
300    -0.0004003599999999885 
301    -0.0004003599999999885 
302    -0.0004003599999999885 
303    -0.0002003599999998995 
304    0.00019964000000005644 
305    0.00019964000000005644 
306    -3.599999999215342e-07 
307    -3.599999999215342e-07 
308    -0.0002003599999998995 
309    -3.599999999215342e-07 
310    -0.0002003599999998995 
311    -0.0002003599999998995 
312    0.0003996400000000344 
313    -0.0006003599999999665 
314    -0.0004003599999999885 
315    -0.0004003599999999885 
316    -3.599999999215342e-07 
317    0.0005996400000000124 
318    -0.0002003599999998995 
319    -0.0004003599999999885 
320    -0.0006003599999999665 
321    -3.599999999215342e-07 
322    -0.0004003599999999885 
323    0.0005996400000000124 
324    -0.0002003599999998995 
325    -0.0002003599999998995 
326    -0.0002003599999998995 
327    -0.0002003599999998995 
328    0.00019964000000005644 
329    -0.0006003599999999665 
330    -0.0006003599999999665 
331    -0.0004003599999999885 
332    0.0003996400000000344 
333    -0.0002003599999998995 
334    -3.599999999215342e-07 
335    -0.0014003599999999894 
336    -3.599999999215342e-07 
337    0.0003996400000000344 
338    0.00019964000000005644 
339    0.00019964000000005644 
340    0.00019964000000005644 
341    -3.599999999215342e-07 
342    -0.0006003599999999665 
343    -3.599999999215342e-07 
344    -0.0002003599999998995 
345    0.00019964000000005644 
346    -3.599999999215342e-07 
347    -0.0006003599999999665 
348    -0.0002003599999998995 
349    -0.0010003599999999224 
350    -3.599999999215342e-07 
351    -0.0002003599999998995 
352    0.0003996400000000344 
353    0.00019964000000005644 
354    0.0003996400000000344 
355    -0.0002003599999998995 
356    -0.0012003599999999004 
357    -3.599999999215342e-07 
358    0.00019964000000005644 
359    -0.0004003599999999885 
360    0.0003996400000000344 
361    -3.599999999215342e-07 
362    -0.0006003599999999665 
363    -0.0010003599999999224 
364    0.00019964000000005644 
365    -3.599999999215342e-07 
366    -0.0008003599999999444 
367    0.0003996400000000344 
368    -0.0004003599999999885 
369    -0.0004003599999999885 
370    -0.0006003599999999665 
371    -0.0018003599999999453 
372    -3.599999999215342e-07 
373    -0.0004003599999999885 
374    -3.599999999215342e-07 
375    0.0003996400000000344 
376    0.0003996400000000344 
377    -0.0008003599999999444 
378    -0.0006003599999999665 
379    -3.599999999215342e-07 
380    0.0003996400000000344 
381    -0.0002003599999998995 
382    0.00019964000000005644 
383    0.0005996400000000124 
384    0.0003996400000000344 
385    -3.599999999215342e-07 
386    -3.599999999215342e-07 
387    -0.0002003599999998995 
388    -0.0004003599999999885 
389    -3.599999999215342e-07 
390    -0.0008003599999999444 
391    0.0003996400000000344 
392    0.00019964000000005644 
393    -0.0004003599999999885 
394    -3.599999999215342e-07 
395    0.00019964000000005644 
396    0.00019964000000005644 
397    0.0003996400000000344 
398    -3.599999999215342e-07 
399    -3.599999999215342e-07 
400    0.0003996400000000344 
401    -3.599999999215342e-07 
402    -0.0002003599999998995 
403    -0.0004003599999999885 
404    0.00019964000000005644 
405    0.00019964000000005644 
406    -0.0002003599999998995 
407    -3.599999999215342e-07 
408    -0.0004003599999999885 
409    -0.0002003599999998995 
410    -3.599999999215342e-07 
411    -3.599999999215342e-07 
412    0.00019964000000005644 
413    -0.0012003599999999004 
414    -0.0002003599999998995 
415    -0.0002003599999998995 
416    -0.0006003599999999665 
417    -0.0004003599999999885 
418    -0.0004003599999999885 
419    -0.0004003599999999885 
420    -0.0002003599999998995 
421    -0.0002003599999998995 
422    0.00019964000000005644 
423    0.0003996400000000344 
424    -3.599999999215342e-07 
425    -0.0008003599999999444 
426    0.00019964000000005644 
427    -0.0002003599999998995 
428    0.00019964000000005644 
429    0.00019964000000005644 
430    -0.0004003599999999885 
431    -0.0002003599999998995 
432    0.00019964000000005644 
433    -0.0004003599999999885 
434    -3.599999999215342e-07 
435    -0.0002003599999998995 
436    0.00019964000000005644 
437    -0.0006003599999999665 
438    -3.599999999215342e-07 
439    -0.0002003599999998995 
440    0.00019964000000005644 
441    -3.599999999215342e-07 
442    -3.599999999215342e-07 
443    0.00019964000000005644 
444    -0.0002003599999998995 
445    -0.0002003599999998995 
446    -0.0002003599999998995 
447    -0.0002003599999998995 
448    -3.599999999215342e-07 
449    -3.599999999215342e-07 
450    -0.0006003599999999665 
451    -3.599999999215342e-07 
452    -0.0004003599999999885 
453    -3.599999999215342e-07 
454    0.00019964000000005644 
455    -0.0006003599999999665 
456    0.00019964000000005644 
457    -3.599999999215342e-07 
458    -0.0006003599999999665 
459    0.0005996400000000124 
460    -3.599999999215342e-07 
461    0.0005996400000000124 
462    -3.599999999215342e-07 
463    -3.599999999215342e-07 
464    -0.0004003599999999885 
465    0.00019964000000005644 
466    -0.0002003599999998995 
467    0.00019964000000005644 
468    -0.0002003599999998995 
469    0.0005996400000000124 
470    0.0003996400000000344 
471    -0.0012003599999999004 
472    -0.0006003599999999665 
473    -3.599999999215342e-07 
474    -0.0008003599999999444 
475    -0.0002003599999998995 
476    -3.599999999215342e-07 
477    -3.599999999215342e-07 
478    -0.0002003599999998995 
479    -0.0004003599999999885 
480    -3.599999999215342e-07 
481    -3.599999999215342e-07 
482    -0.0002003599999998995 
483    0.0003996400000000344 
484    0.00019964000000005644 
485    0.00019964000000005644 
486    -0.0008003599999999444 
487    -0.0006003599999999665 
488    -3.599999999215342e-07 
489    -3.599999999215342e-07 
490    0.0003996400000000344 
491    -0.0002003599999998995 
492    -3.599999999215342e-07 
493    -0.0006003599999999665 
494    -0.0002003599999998995 
495    -0.0006003599999999665 
496    -3.599999999215342e-07 
497    0.0003996400000000344 
498    -0.0002003599999998995 
499    -0.0006003599999999665 
500    0.00019964000000005644 
501    -0.0008003599999999444 
502    -0.0002003599999998995 
503    -0.0006003599999999665 
504    -0.0002003599999998995 
505    0.00019964000000005644 
506    0.00019964000000005644 
507    -0.0006003599999999665 
508    -3.599999999215342e-07 
509    -0.0002003599999998995 
510    -0.0004003599999999885 
511    0.00019964000000005644 
512    -0.0002003599999998995 
513    -0.0004003599999999885 
514    -0.0002003599999998995 
515    -3.599999999215342e-07 
516    0.0003996400000000344 
517    -0.0006003599999999665 
518    -3.599999999215342e-07 
519    0.00019964000000005644 
520    -0.0002003599999998995 
521    -0.0004003599999999885 
522    0.00019964000000005644 
523    -3.599999999215342e-07 
524    -0.0004003599999999885 
525    0.0003996400000000344 
526    -0.0002003599999998995 
527    0.0003996400000000344 
528    -0.0002003599999998995 
529    -0.0004003599999999885 
530    -0.0002003599999998995 
531    -0.0002003599999998995 
532    -3.599999999215342e-07 
533    0.00019964000000005644 
534    -3.599999999215342e-07 
535    -3.599999999215342e-07 
536    0.0003996400000000344 
537    0.00019964000000005644 
538    -0.0004003599999999885 
539    -0.0004003599999999885 
540    -0.0004003599999999885 
541    -0.0002003599999998995 
542    -0.0004003599999999885 
543    -0.0002003599999998995 
544    0.0003996400000000344 
545    0.0003996400000000344 
546    0.0003996400000000344 
547    0.0003996400000000344 
548    -3.599999999215342e-07 
549    -0.0006003599999999665 
550    -3.599999999215342e-07 
551    -0.0004003599999999885 
552    -0.0006003599999999665 
553    0.00019964000000005644 
554    -3.599999999215342e-07 
555    0.0003996400000000344 
556    0.0005996400000000124 
557    -0.0004003599999999885 
558    0.00019964000000005644 
559    0.0003996400000000344 
560    -0.0004003599999999885 
561    -0.0004003599999999885 
562    0.0003996400000000344 
563    0.00019964000000005644 
564    -0.0004003599999999885 
565    -0.0002003599999998995 
566    0.0005996400000000124 
567    -0.0002003599999998995 
568    -3.599999999215342e-07 
569    -0.0004003599999999885 
570    -0.0008003599999999444 
571    -3.599999999215342e-07 
572    -0.0004003599999999885 
573    -0.0004003599999999885 
574    -0.0004003599999999885 
575    -0.0006003599999999665 
576    -3.599999999215342e-07 
577    -0.0002003599999998995 
578    -0.0004003599999999885 
579    -0.0014003599999999894 
580    -3.599999999215342e-07 
581    0.0005996400000000124 
582    -3.599999999215342e-07 
583    -3.599999999215342e-07 
584    -0.0008003599999999444 
585    -0.0006003599999999665 
586    -3.599999999215342e-07 
587    -0.0006003599999999665 
588    -3.599999999215342e-07 
589    0.0003996400000000344 
590    -0.0002003599999998995 
591    0.00019964000000005644 
592    -0.0012003599999999004 
593    0.0003996400000000344 
594    0.0003996400000000344 
595    -0.0010003599999999224 
596    -0.0008003599999999444 
597    -0.0014003599999999894 
598    -0.0006003599999999665 
599    -3.599999999215342e-07 
600    -0.0002003599999998995 
601    -3.599999999215342e-07 
602    -3.599999999215342e-07 
603    -0.0004003599999999885 
604    -0.0004003599999999885 
605    -0.0006003599999999665 
606    -0.0004003599999999885 
607    -0.0014003599999999894 
608    0.0003996400000000344 
609    -0.0002003599999998995 
610    -0.0004003599999999885 
611    0.00019964000000005644 
612    -0.0002003599999998995 
613    0.0005996400000000124 
614    0.0005996400000000124 
615    -3.599999999215342e-07 
616    -0.0008003599999999444 
617    -0.0002003599999998995 
618    0.0003996400000000344 
619    0.0005996400000000124 
620    -0.0002003599999998995 
621    -0.0004003599999999885 
622    -0.0002003599999998995 
623    -0.0006003599999999665 
624    0.0003996400000000344 
625    -0.0004003599999999885 
626    -0.0006003599999999665 
627    -3.599999999215342e-07 
628    0.0005996400000000124 
629    0.00019964000000005644 
630    -0.0008003599999999444 
631    -0.0004003599999999885 
632    0.00019964000000005644 
633    -0.0002003599999998995 
634    -0.0014003599999999894 
635    -0.0006003599999999665 
636    -3.599999999215342e-07 
637    -0.0002003599999998995 
638    -3.599999999215342e-07 
639    -0.0004003599999999885 
640    -0.0004003599999999885 
641    -0.0004003599999999885 
642    0.00019964000000005644 
643    -3.599999999215342e-07 
644    0.0003996400000000344 
645    0.0003996400000000344 
646    -0.0004003599999999885 
647    -3.599999999215342e-07 
648    -0.0004003599999999885 
649    -3.599999999215342e-07 
650    -3.599999999215342e-07 
651    0.0003996400000000344 
652    0.00019964000000005644 
653    0.00019964000000005644 
654    0.0003996400000000344 
655    -0.0002003599999998995 
656    -0.0008003599999999444 
657    -0.0004003599999999885 
658    0.00019964000000005644 
659    -0.0002003599999998995 
660    0.00019964000000005644 
661    0.00019964000000005644 
662    -0.0002003599999998995 
663    -0.0002003599999998995 
664    0.00019964000000005644 
665    -0.0006003599999999665 
666    -0.0004003599999999885 
667    -3.599999999215342e-07 
668    -3.599999999215342e-07 
669    0.0003996400000000344 
670    0.00019964000000005644 
671    0.00019964000000005644 
672    -3.599999999215342e-07 
673    -0.0010003599999999224 
674    -0.0006003599999999665 
675    -0.0012003599999999004 
676    -3.599999999215342e-07 
677    -3.599999999215342e-07 
678    -3.599999999215342e-07 
679    -3.599999999215342e-07 
680    0.0005996400000000124 
681    -0.0006003599999999665 
682    0.00019964000000005644 
683    0.0003996400000000344 
684    0.00019964000000005644 
685    -3.599999999215342e-07 
686    -0.0002003599999998995 
687    -3.599999999215342e-07 
688    -3.599999999215342e-07 
689    -3.599999999215342e-07 
690    0.00019964000000005644 
691    -3.599999999215342e-07 
692    -0.0002003599999998995 
693    -0.0004003599999999885 
694    -0.0004003599999999885 
695    -0.0002003599999998995 
696    -0.0006003599999999665 
697    0.00019964000000005644 
698    0.00019964000000005644 
699    -3.599999999215342e-07 
700    -0.0002003599999998995 
701    -0.0002003599999998995 
702    -0.0004003599999999885 
703    -3.599999999215342e-07 
704    -0.0004003599999999885 
705    -3.599999999215342e-07 
706    0.0003996400000000344 
707    -0.0002003599999998995 
708    -0.0002003599999998995 
709    -0.0002003599999998995 
710    -0.0002003599999998995 
711    -0.0004003599999999885 
712    -0.0004003599999999885 
713    -3.599999999215342e-07 
714    0.0003996400000000344 
715    -3.599999999215342e-07 
716    -0.0002003599999998995 
717    -0.0002003599999998995 
718    -0.0002003599999998995 
719    -0.0006003599999999665 
720    -0.0004003599999999885 
721    0.0005996400000000124 
722    0.0003996400000000344 
723    -0.0002003599999998995 
724    0.0003996400000000344 
725    -0.0002003599999998995 
726    0.0003996400000000344 
727    -0.0002003599999998995 
728    0.00019964000000005644 
729    -3.599999999215342e-07 
730    -0.0002003599999998995 
731    0.00019964000000005644 
732    -0.0010003599999999224 
733    0.00019964000000005644 
734    -0.0002003599999998995 
735    -0.0002003599999998995 
736    -0.0002003599999998995 
737    -0.0002003599999998995 
738    -0.0008003599999999444 
739    -0.0006003599999999665 
740    -3.599999999215342e-07 
741    -0.0004003599999999885 
742    0.00019964000000005644 
743    -0.0004003599999999885 
744    -0.0012003599999999004 
745    -0.0004003599999999885 
746    -0.0016003599999999674 
747    0.00019964000000005644 
748    -0.0002003599999998995 
749    0.0003996400000000344 
750    0.00019964000000005644 
751    -0.0004003599999999885 
752    -0.0002003599999998995 
753    -0.0002003599999998995 
754    -0.0004003599999999885 
755    -0.0002003599999998995 
756    -0.0002003599999998995 
757    -0.0002003599999998995 
758    0.00019964000000005644 
759    -3.599999999215342e-07 
760    0.00019964000000005644 
761    0.0003996400000000344 
762    -0.0010003599999999224 
763    0.0003996400000000344 
764    0.00019964000000005644 
765    -0.0002003599999998995 
766    -0.0004003599999999885 
767    -0.0006003599999999665 
768    0.00019964000000005644 
769    0.00019964000000005644 
770    -3.599999999215342e-07 
771    -0.0004003599999999885 
772    -3.599999999215342e-07 
773    0.00019964000000005644 
774    -0.0002003599999998995 
775    -3.599999999215342e-07 
776    0.00019964000000005644 
777    -0.0006003599999999665 
778    -0.0004003599999999885 
779    -0.0008003599999999444 
780    -0.0002003599999998995 
781    -3.599999999215342e-07 
782    0.0003996400000000344 
783    -0.0004003599999999885 
784    -0.0006003599999999665 
785    -0.0002003599999998995 
786    -0.0002003599999998995 
787    -0.0010003599999999224 
788    -0.0006003599999999665 
789    -0.0004003599999999885 
790    -3.599999999215342e-07 
791    0.00019964000000005644 
792    0.0003996400000000344 
793    -0.0002003599999998995 
794    -3.599999999215342e-07 
795    0.00019964000000005644 
796    -0.0004003599999999885 
797    -0.0006003599999999665 
798    -0.0004003599999999885 
799    0.00019964000000005644 
800    0.00019964000000005644 
801    -0.0010003599999999224 
802    -0.0004003599999999885 
803    -0.0010003599999999224 
804    -3.599999999215342e-07 
805    -0.0002003599999998995 
806    0.00019964000000005644 
807    0.00019964000000005644 
808    -0.0002003599999998995 
809    0.00019964000000005644 
810    -0.0002003599999998995 
811    -0.0006003599999999665 
812    -0.0004003599999999885 
813    -0.0004003599999999885 
814    0.0003996400000000344 
815    0.00019964000000005644 
816    0.00019964000000005644 
817    0.0003996400000000344 
818    -0.0002003599999998995 
819    0.00019964000000005644 
820    0.00019964000000005644 
821    -3.599999999215342e-07 
822    -0.0002003599999998995 
823    -0.0006003599999999665 
824    -0.0002003599999998995 
825    -3.599999999215342e-07 
826    0.0003996400000000344 
827    -0.0002003599999998995 
828    -0.0004003599999999885 
829    0.0005996400000000124 
830    0.0005996400000000124 
831    -0.0002003599999998995 
832    -0.0004003599999999885 
833    -3.599999999215342e-07 
834    -0.0002003599999998995 
835    0.00019964000000005644 
836    0.00019964000000005644 
837    0.0003996400000000344 
838    -0.0002003599999998995 
839    -0.0004003599999999885 
840    0.00019964000000005644 
841    -0.0006003599999999665 
842    0.0003996400000000344 
843    -3.599999999215342e-07 
844    -3.599999999215342e-07 
845    -0.0002003599999998995 
846    -0.0004003599999999885 
847    -0.0004003599999999885 
848    0.00019964000000005644 
849    0.0003996400000000344 
850    -0.0002003599999998995 
851    -0.0004003599999999885 
852    -0.0004003599999999885 
853    0.0003996400000000344 
854    0.0003996400000000344 
855    -3.599999999215342e-07 
856    -0.0012003599999999004 
857    -3.599999999215342e-07 
858    0.00019964000000005644 
859    -0.0006003599999999665 
860    -3.599999999215342e-07 
861    0.0003996400000000344 
862    -0.0004003599999999885 
863    0.00019964000000005644 
864    -3.599999999215342e-07 
865    0.00019964000000005644 
866    -0.0008003599999999444 
867    0.00019964000000005644 
868    -3.599999999215342e-07 
869    -0.0006003599999999665 
870    -0.0008003599999999444 
871    -3.599999999215342e-07 
872    -0.0004003599999999885 
873    -3.599999999215342e-07 
874    -0.0002003599999998995 
875    -0.0002003599999998995 
876    0.00019964000000005644 
877    -3.599999999215342e-07 
878    -0.0006003599999999665 
879    -0.0012003599999999004 
880    -0.0006003599999999665 
881    0.0003996400000000344 
882    0.0005996400000000124 
883    0.0003996400000000344 
884    -0.0004003599999999885 
885    -3.599999999215342e-07 
886    0.00019964000000005644 
887    -0.0002003599999998995 
888    -0.0004003599999999885 
889    -0.0004003599999999885 
890    0.00019964000000005644 
891    -0.0002003599999998995 
892    -0.0004003599999999885 
893    -0.0002003599999998995 
894    -0.0004003599999999885 
895    -3.599999999215342e-07 
896    0.00019964000000005644 
897    -3.599999999215342e-07 
898    0.0003996400000000344 
899    0.0003996400000000344 
900    0.00019964000000005644 
901    -0.0002003599999998995 
902    -0.0008003599999999444 
903    -3.599999999215342e-07 
904    0.00019964000000005644 
905    0.00019964000000005644 
906    -0.0002003599999998995 
907    0.0003996400000000344 
908    0.00019964000000005644 
909    -0.0004003599999999885 
910    -0.0002003599999998995 
911    -0.0006003599999999665 
912    -0.0002003599999998995 
913    -3.599999999215342e-07 
914    -0.0008003599999999444 
915    0.00019964000000005644 
916    -0.0002003599999998995 
917    -3.599999999215342e-07 
918    -0.0006003599999999665 
919    0.00019964000000005644 
920    0.0003996400000000344 
921    0.00019964000000005644 
922    -3.599999999215342e-07 
923    -0.0004003599999999885 
924    -0.0002003599999998995 
925    -3.599999999215342e-07 
926    0.00019964000000005644 
927    -3.599999999215342e-07 
928    0.00019964000000005644 
929    -0.0002003599999998995 
930    -3.599999999215342e-07 
931    -0.0006003599999999665 
932    -0.0004003599999999885 
933    0.00019964000000005644 
934    0.0003996400000000344 
935    0.00019964000000005644 
936    -0.0012003599999999004 
937    -3.599999999215342e-07 
938    -0.0012003599999999004 
939    -0.0004003599999999885 
940    -0.0006003599999999665 
941    0.0003996400000000344 
942    0.0003996400000000344 
943    0.00019964000000005644 
944    -3.599999999215342e-07 
945    -0.0002003599999998995 
946    -0.0002003599999998995 
947    -3.599999999215342e-07 
948    -0.0006003599999999665 
949    -3.599999999215342e-07 
950    0.00019964000000005644 
951    -0.0002003599999998995 
952    -3.599999999215342e-07 
953    0.00019964000000005644 
954    -3.599999999215342e-07 
955    -3.599999999215342e-07 
956    -3.599999999215342e-07 
957    0.00019964000000005644 
958    0.0003996400000000344 
959    0.0003996400000000344 
960    -0.0002003599999998995 
961    -0.0004003599999999885 
962    -0.0008003599999999444 
963    -3.599999999215342e-07 
964    0.00019964000000005644 
965    -3.599999999215342e-07 
966    -3.599999999215342e-07 
967    -0.0002003599999998995 
968    -3.599999999215342e-07 
969    -0.0004003599999999885 
970    0.00019964000000005644 
971    -0.0002003599999998995 
972    -0.0008003599999999444 
973    -0.0002003599999998995 
974    0.0005996400000000124 
975    0.00019964000000005644 
976    -0.0010003599999999224 
977    0.00019964000000005644 
978    0.0003996400000000344 
979    -3.599999999215342e-07 
980    -3.599999999215342e-07 
981    -0.0002003599999998995 
982    -0.0002003599999998995 
983    0.00019964000000005644 
984    -3.599999999215342e-07 
985    0.00019964000000005644 
986    0.00019964000000005644 
987    -0.0002003599999998995 
988    0.0003996400000000344 
989    -3.599999999215342e-07 
990    -0.0002003599999998995 
991    -3.599999999215342e-07 
992    -0.0002003599999998995 
993    -0.0002003599999998995 
994    -0.0010003599999999224 
995    -0.0004003599999999885 
996    -3.599999999215342e-07 
997    -0.0006003599999999665 
998    -0.0004003599999999885 
999    0.00019964000000005644 
