# mcs    C(t) 
0    0 
1    0.06352064 
2    0.02512064 
3    0.004320640000000001 
4    0.012320639999999999 
5    0.01712064 
6    -0.025279359999999997 
7    0.04352064 
8    -0.01967936 
9    0.02512064 
10    0.044320639999999994 
11    -0.01807936 
12    0.01392064 
13    0.01632064 
14    0.04672064 
15    0.04912064 
16    -0.01007936 
17    0.03472064 
18    0.027520640000000002 
19    -0.025279359999999997 
20    0.007520639999999999 
21    0.039520639999999996 
22    0.01392064 
23    0.00592064 
24    -0.00767936 
25    0.00112064 
26    0.00352064 
27    0.055520639999999996 
28    0.04032064 
29    0.07392064 
30    -0.01167936 
31    -0.006879359999999999 
32    -0.021279359999999997 
33    0.00672064 
34    0.019520640000000002 
35    -0.03407936 
36    0.01872064 
37    0.00992064 
38    0.01632064 
39    0.02432064 
40    0.02192064 
41    0.00672064 
42    0.00352064 
43    -0.01247936 
44    -0.0036793600000000004 
45    0.02512064 
46    0.03552064 
47    0.027520640000000002 
48    -0.04447936 
49    -0.03407936 
50    -0.04047936 
51    -0.031679360000000004 
52    -0.05487936 
53    -0.03327936 
54    -0.00287936 
55    0.023520640000000002 
56    0.037120639999999996 
57    0.027520640000000002 
58    -0.01247936 
59    0.02512064 
60    0.039520639999999996 
61    0.019520640000000002 
62    0.04112064 
63    0.04352064 
64    0.02832064 
65    0.02192064 
66    -0.03887936 
67    -0.00847936 
68    0.030720640000000004 
69    0.01712064 
70    -0.01407936 
71    0.00032063999999999964 
72    -0.010879360000000001 
73    -0.00207936 
74    -0.01327936 
75    -0.07807936 
76    -0.06847936 
77    -0.08207936 
78    -0.04367936 
79    -0.05727936 
80    -0.03887936 
81    -0.00527936 
82    -0.01007936 
83    0.02672064 
84    0.06192064 
85    0.05312064 
86    0.07312064 
87    0.025920640000000002 
88    0.06512064 
89    0.036320639999999994 
90    0.05072064 
91    0.05952064 
92    0.01072064 
93    0.02272064 
94    0.023520640000000002 
95    0.011520639999999999 
96    0.030720640000000004 
97    0.02432064 
98    -0.010879360000000001 
99    -0.00047936000000000007 
100    -0.00447936 
101    0.033920639999999995 
102    -0.00447936 
103    -0.10527936 
104    -0.053279360000000005 
105    -0.03647936 
106    -0.00927936 
107    0.01712064 
108    -0.00767936 
109    -0.05647936 
110    -0.01247936 
111    0.00192064 
112    -0.014879360000000001 
113    -0.01647936 
114    0.00352064 
115    0.01712064 
116    0.03312064 
117    0.08032064 
118    0.03792064 
119    0.007520639999999999 
120    -0.01247936 
121    -0.01407936 
122    -0.018879359999999998 
123    -0.05247936 
124    -0.03807936 
125    0.03552064 
126    -0.01647936 
127    0.05152064 
128    0.04032064 
129    0.031520639999999996 
130    0.01552064 
131    -0.045279360000000005 
132    -0.02447936 
133    -0.04367936 
134    -0.00287936 
135    -0.021279359999999997 
136    -0.026879359999999998 
137    -0.02847936 
138    -0.01727936 
139    0.00992064 
140    0.02912064 
141    -0.018879359999999998 
142    0.01712064 
143    0.00992064 
144    0.02112064 
145    -0.07247936 
146    -0.00527936 
147    0.01712064 
148    -0.01007936 
149    0.02112064 
150    -0.014879360000000001 
151    0.031520639999999996 
152    -0.00527936 
153    0.014720639999999998 
154    -0.055679360000000004 
155    -0.07007936000000001 
156    -0.04367936 
157    0.01632064 
158    -0.01967936 
159    0.01712064 
160    0.014720639999999998 
161    0.04912064 
162    0.012320639999999999 
163    -0.00447936 
164    0.01872064 
165    0.03312064 
166    0.08592063999999999 
167    0.02672064 
168    0.004320640000000001 
169    -0.04927936 
170    0.01792064 
171    0.01072064 
172    0.00352064 
173    -0.058079360000000003 
174    -0.03327936 
175    -0.037279360000000004 
176    -0.06047936 
177    -0.02207936 
178    -0.0012793600000000002 
179    0.01632064 
180    0.08192064 
181    0.01632064 
182    0.04352064 
183    0.005120639999999999 
184    -0.006079360000000001 
185    0.02912064 
186    0.00592064 
187    -0.025279359999999997 
188    -0.04047936 
189    -0.031679360000000004 
190    -0.05647936 
191    0.00992064 
192    0.012320639999999999 
193    0.029920640000000002 
194    0.06592064 
195    0.037120639999999996 
196    0.01872064 
197    0.04352064 
198    0.02032064 
199    -0.03807936 
200    0.00592064 
201    -0.00447936 
202    0.00112064 
203    -0.00447936 
204    -0.04047936 
205    -0.03407936 
206    -0.02367936 
207    -0.03807936 
208    -0.030879359999999998 
209    0.019520640000000002 
210    -0.02047936 
211    0.005120639999999999 
212    -0.034879360000000005 
213    -0.006079360000000001 
214    0.01552064 
215    0.004320640000000001 
216    -0.00927936 
217    0.02272064 
218    -0.03247936 
219    -0.07647936 
220    -0.006079360000000001 
221    -0.04367936 
222    -0.05967936 
223    -0.00207936 
224    0.00352064 
225    -0.01727936 
226    -0.0036793600000000004 
227    -0.01167936 
228    -0.03647936 
229    0.00352064 
230    0.00112064 
231    -0.01407936 
232    -0.02207936 
233    0.00592064 
234    0.019520640000000002 
235    -0.01727936 
236    -0.01167936 
237    -0.02207936 
238    -0.00847936 
239    -0.01567936 
240    0.02832064 
241    0.025920640000000002 
242    0.04672064 
243    0.00672064 
244    0.007520639999999999 
245    0.0027206399999999994 
246    0.02032064 
247    -0.04367936 
248    -0.026879359999999998 
249    -0.022879359999999998 
250    -0.02847936 
251    -0.034879360000000005 
252    0.00992064 
253    0.01792064 
254    -0.00447936 
255    -0.00447936 
256    0.04672064 
257    0.00992064 
258    -0.01407936 
259    0.02032064 
260    0.004320640000000001 
261    -0.0036793600000000004 
262    -0.05007936 
263    -0.07247936 
264    -0.025279359999999997 
265    -0.010879360000000001 
266    -0.07167936 
267    -0.07167936 
268    -0.03407936 
269    -0.026879359999999998 
270    0.02832064 
271    0.014720639999999998 
272    -0.031679360000000004 
273    0.00112064 
274    0.025920640000000002 
275    0.06192064 
276    0.09952064 
277    0.055520639999999996 
278    0.049920639999999995 
279    0.049920639999999995 
280    0.02432064 
281    -0.01167936 
282    0.00912064 
283    0.02192064 
284    0.02912064 
285    0.02672064 
286    0.025920640000000002 
287    -0.04847936 
288    -0.021279359999999997 
289    -0.042879360000000005 
290    -0.014879360000000001 
291    -0.01007936 
292    -0.01807936 
293    0.01552064 
294    0.04032064 
295    0.03872064 
296    0.02192064 
297    0.01872064 
298    0.00592064 
299    0.04832064 
300    -0.026879359999999998 
301    -0.01727936 
302    -0.06847936 
303    0.019520640000000002 
304    0.02512064 
305    0.02272064 
306    0.01312064 
307    0.02912064 
308    -0.01407936 
309    0.004320640000000001 
310    -0.01407936 
311    0.01312064 
312    -0.01647936 
313    -0.06287936 
314    -0.06767936000000001 
315    -0.03327936 
316    0.00352064 
317    0.014720639999999998 
318    -0.01327936 
319    0.00912064 
320    -0.03407936 
321    0.00592064 
322    -0.00927936 
323    -0.05727936 
324    -0.00847936 
325    -0.00047936000000000007 
326    0.01312064 
327    0.01552064 
328    0.02192064 
329    -0.014879360000000001 
330    -0.042879360000000005 
331    0.02432064 
332    0.011520639999999999 
333    -0.014879360000000001 
334    -0.01167936 
335    0.01712064 
336    -0.01007936 
337    0.023520640000000002 
338    0.039520639999999996 
339    -0.00447936 
340    0.01552064 
341    -0.02367936 
342    -0.01167936 
343    0.014720639999999998 
344    -0.02207936 
345    0.02512064 
346    0.00672064 
347    0.005120639999999999 
348    0.02192064 
349    -0.0012793600000000002 
350    -0.00767936 
351    -0.02767936 
352    0.03312064 
353    0.05632064 
354    0.06432064 
355    0.04112064 
356    0.00352064 
357    -0.03567936 
358    -0.03007936 
359    -0.00287936 
360    -0.02207936 
361    -0.05247936 
362    -0.05407936 
363    -0.061279360000000005 
364    -0.034879360000000005 
365    -0.01167936 
366    0.02192064 
367    -0.05727936 
368    -0.05647936 
369    -0.00287936 
370    0.02432064 
371    -0.04607936 
372    -0.03247936 
373    0.01712064 
374    0.014720639999999998 
375    -0.00287936 
376    0.01072064 
377    -0.00927936 
378    -0.05727936 
379    -0.026879359999999998 
380    0.00112064 
381    -0.01167936 
382    -0.05727936 
383    -0.04687936 
384    0.02672064 
385    -0.01567936 
386    0.00352064 
387    -0.02367936 
388    0.01072064 
389    -0.00447936 
390    -0.00447936 
391    0.025920640000000002 
392    0.00592064 
393    -0.025279359999999997 
394    -0.022879359999999998 
395    -0.055679360000000004 
396    0.00912064 
397    -0.03247936 
398    0.00192064 
399    0.02512064 
400    0.01312064 
401    -0.00287936 
402    0.02912064 
403    0.01312064 
404    0.027520640000000002 
405    0.01392064 
406    0.04512064 
407    0.04672064 
408    0.00912064 
409    0.02672064 
410    0.04592064 
411    0.02432064 
412    -0.021279359999999997 
413    -0.030879359999999998 
414    -0.01327936 
415    -0.031679360000000004 
416    -0.014879360000000001 
417    -0.022879359999999998 
418    -0.031679360000000004 
419    -0.03007936 
420    -0.05647936 
421    -0.00927936 
422    -0.00527936 
423    0.01872064 
424    0.03232064 
425    -0.006879359999999999 
426    -0.01407936 
427    0.012320639999999999 
428    -0.018879359999999998 
429    -0.053279360000000005 
430    0.01792064 
431    0.008320639999999999 
432    0.07152064 
433    0.02112064 
434    -0.00527936 
435    0.04112064 
436    0.04512064 
437    0.01392064 
438    0.019520640000000002 
439    -0.02367936 
440    0.04592064 
441    -0.01727936 
442    -0.039679360000000004 
443    -0.01647936 
444    -0.01567936 
445    -0.021279359999999997 
446    0.012320639999999999 
447    -0.018879359999999998 
448    0.04272064 
449    -0.01967936 
450    0.01072064 
451    -0.010879360000000001 
452    0.01632064 
453    0.01312064 
454    0.01312064 
455    0.01312064 
456    -0.01167936 
457    -0.0012793600000000002 
458    -0.00767936 
459    -0.01407936 
460    -0.006079360000000001 
461    -0.0012793600000000002 
462    -0.018879359999999998 
463    -0.039679360000000004 
464    0.007520639999999999 
465    0.01632064 
466    0.04912064 
467    0.02832064 
468    -0.00527936 
469    -0.01807936 
470    0.03312064 
471    0.01392064 
472    0.03232064 
473    0.027520640000000002 
474    0.02272064 
475    -0.01567936 
476    -0.0036793600000000004 
477    -0.03327936 
478    -0.00447936 
479    0.00992064 
480    0.044320639999999994 
481    -0.03647936 
482    -0.039679360000000004 
483    -0.03807936 
484    0.007520639999999999 
485    -0.021279359999999997 
486    0.01392064 
487    -0.014879360000000001 
488    -0.02207936 
489    0.030720640000000004 
490    -0.025279359999999997 
491    -0.029279359999999997 
492    0.00032063999999999964 
493    -0.00447936 
494    0.012320639999999999 
495    0.06592064 
496    -0.00527936 
497    -0.00287936 
498    0.01632064 
499    -0.02207936 
500    -0.00207936 
501    0.00592064 
502    -0.00447936 
503    -0.00047936000000000007 
504    0.02272064 
505    0.00672064 
506    0.02032064 
507    -0.00767936 
508    -0.01167936 
509    0.00352064 
510    0.00192064 
511    0.05392064 
512    0.019520640000000002 
513    0.01552064 
514    0.01312064 
515    -0.026879359999999998 
516    -0.042879360000000005 
517    -0.05967936 
518    0.02112064 
519    0.01392064 
520    -0.06927936 
521    -0.08927936 
522    -0.02047936 
523    -0.01807936 
524    -0.05007936 
525    -0.03327936 
526    -0.01327936 
527    0.04032064 
528    -0.025279359999999997 
529    -0.01807936 
530    -0.05967936 
531    -0.03247936 
532    -0.01647936 
533    -0.03327936 
534    -0.01647936 
535    -0.00927936 
536    -0.0036793600000000004 
537    0.04272064 
538    0.02912064 
539    -0.03887936 
540    -0.04847936 
541    0.03472064 
542    -0.00447936 
543    -0.00207936 
544    0.004320640000000001 
545    -0.061279360000000005 
546    -0.04847936 
547    -0.04367936 
548    0.07392064 
549    0.08992064 
550    0.07392064 
551    -0.01727936 
552    -0.01727936 
553    0.012320639999999999 
554    -0.01407936 
555    -0.05007936 
556    0.027520640000000002 
557    0.00112064 
558    -0.00527936 
559    -0.03807936 
560    -0.00047936000000000007 
561    -0.045279360000000005 
562    -0.021279359999999997 
563    -0.034879360000000005 
564    0.01792064 
565    -0.01247936 
566    -0.0036793600000000004 
567    0.04512064 
568    -0.01967936 
569    -0.0012793600000000002 
570    0.00912064 
571    0.04272064 
572    -0.0036793600000000004 
573    -0.00207936 
574    0.03792064 
575    0.00992064 
576    0.04912064 
577    -0.00527936 
578    0.03472064 
579    -0.010879360000000001 
580    -0.04687936 
581    -0.04447936 
582    -0.04607936 
583    -0.06447936 
584    -0.026879359999999998 
585    0.014720639999999998 
586    0.052320639999999995 
587    0.00352064 
588    0.0027206399999999994 
589    -0.025279359999999997 
590    -0.026879359999999998 
591    -0.037279360000000004 
592    0.027520640000000002 
593    0.00352064 
594    -0.00047936000000000007 
595    -0.03887936 
596    0.02432064 
597    0.023520640000000002 
598    0.05872064 
599    -0.006079360000000001 
600    -0.030879359999999998 
601    0.01312064 
602    -0.01007936 
603    0.007520639999999999 
604    0.0027206399999999994 
605    -0.04207936 
606    -0.00527936 
607    0.01072064 
608    -0.00207936 
609    -0.04127936 
610    -0.0036793600000000004 
611    0.01312064 
612    0.030720640000000004 
613    0.027520640000000002 
614    0.02272064 
615    -0.02207936 
616    0.00912064 
617    0.02432064 
618    0.004320640000000001 
619    -0.00207936 
620    0.00992064 
621    0.03792064 
622    0.004320640000000001 
623    0.08272064 
624    -0.03247936 
625    0.01632064 
626    0.00032063999999999964 
627    -0.04447936 
628    0.00352064 
629    0.011520639999999999 
630    0.04912064 
631    0.01072064 
632    0.02272064 
633    -0.00847936 
634    0.014720639999999998 
635    0.01712064 
636    0.011520639999999999 
637    0.00032063999999999964 
638    0.03872064 
639    0.07152064 
640    0.03472064 
641    -0.02767936 
642    -0.014879360000000001 
643    -0.039679360000000004 
644    -0.03567936 
645    0.03552064 
646    0.04272064 
647    0.05152064 
648    0.04512064 
649    0.02432064 
650    0.01792064 
651    0.055520639999999996 
652    0.04352064 
653    -0.006879359999999999 
654    0.03872064 
655    -0.00847936 
656    -0.006079360000000001 
657    0.011520639999999999 
658    0.011520639999999999 
659    0.05712064 
660    -0.010879360000000001 
661    0.033920639999999995 
662    -0.01007936 
663    -0.0012793600000000002 
664    -0.01727936 
665    -0.029279359999999997 
666    -0.03647936 
667    -0.04687936 
668    -0.09087936 
669    0.01792064 
670    0.012320639999999999 
671    0.011520639999999999 
672    0.061120640000000004 
673    -0.00287936 
674    -0.01327936 
675    -0.03887936 
676    -0.022879359999999998 
677    -0.01407936 
678    0.04352064 
679    0.06272064 
680    0.05952064 
681    0.039520639999999996 
682    0.01792064 
683    0.047520639999999996 
684    0.03872064 
685    0.05312064 
686    0.04112064 
687    0.01072064 
688    0.004320640000000001 
689    -0.00447936 
690    0.00352064 
691    -0.00447936 
692    -0.021279359999999997 
693    -0.03247936 
694    -0.037279360000000004 
695    -0.00447936 
696    0.023520640000000002 
697    0.00912064 
698    0.02672064 
699    0.01552064 
700    -0.00527936 
701    -0.01327936 
702    0.00032063999999999964 
703    0.025920640000000002 
704    -0.01967936 
705    -0.0012793600000000002 
706    0.02032064 
707    0.02512064 
708    0.008320639999999999 
709    0.031520639999999996 
710    0.04832064 
711    -0.00207936 
712    -0.01327936 
713    -0.034879360000000005 
714    -0.025279359999999997 
715    0.007520639999999999 
716    -0.02607936 
717    -0.006879359999999999 
718    -0.0012793600000000002 
719    0.00672064 
720    -0.01327936 
721    0.02112064 
722    -0.0036793600000000004 
723    -0.04447936 
724    -0.02367936 
725    -0.01167936 
726    -0.01567936 
727    0.00592064 
728    0.02192064 
729    0.02432064 
730    -0.03407936 
731    0.02832064 
732    0.03472064 
733    -0.00927936 
734    -0.031679360000000004 
735    -0.03647936 
736    -0.03327936 
737    0.02912064 
738    -0.055679360000000004 
739    0.05872064 
740    0.06752063999999999 
741    0.08432064 
742    0.033920639999999995 
743    -0.026879359999999998 
744    0.02832064 
745    0.055520639999999996 
746    0.023520640000000002 
747    0.008320639999999999 
748    0.011520639999999999 
749    -0.006079360000000001 
750    -0.01407936 
751    0.01872064 
752    0.052320639999999995 
753    0.025920640000000002 
754    -0.01247936 
755    0.02192064 
756    0.00672064 
757    -0.010879360000000001 
758    -0.05247936 
759    -0.055679360000000004 
760    0.01312064 
761    -0.01727936 
762    0.004320640000000001 
763    0.01552064 
764    0.07232063999999999 
765    0.05712064 
766    0.04352064 
767    0.01392064 
768    -0.037279360000000004 
769    0.011520639999999999 
770    -0.026879359999999998 
771    0.00032063999999999964 
772    0.01552064 
773    0.03232064 
774    0.041920639999999995 
775    -0.006079360000000001 
776    -0.05487936 
777    -0.00287936 
778    -0.04047936 
779    -0.05727936 
780    -0.08047936 
781    -0.05727936 
782    -0.01407936 
783    0.02512064 
784    0.025920640000000002 
785    0.019520640000000002 
786    0.01712064 
787    0.02112064 
788    0.008320639999999999 
789    0.03552064 
790    0.00992064 
791    -0.055679360000000004 
792    -0.02767936 
793    0.03312064 
794    0.02512064 
795    0.025920640000000002 
796    0.05952064 
797    0.014720639999999998 
798    0.03232064 
799    0.036320639999999994 
800    0.08512064 
801    0.061120640000000004 
802    0.04032064 
803    0.02432064 
804    -0.02767936 
805    -0.04687936 
806    -0.00847936 
807    0.00672064 
808    0.01712064 
809    -0.00847936 
810    0.04512064 
811    0.01552064 
812    0.06512064 
813    0.049920639999999995 
814    0.02912064 
815    -0.021279359999999997 
816    -0.01327936 
817    -0.01247936 
818    -0.08687936 
819    -0.05647936 
820    -0.030879359999999998 
821    -0.022879359999999998 
822    -0.04607936 
823    -0.01567936 
824    -0.010879360000000001 
825    0.02672064 
826    0.07152064 
827    0.06752063999999999 
828    0.027520640000000002 
829    -0.00207936 
830    0.012320639999999999 
831    0.01072064 
832    0.03312064 
833    0.01792064 
834    -0.01807936 
835    0.031520639999999996 
836    0.029920640000000002 
837    0.00912064 
838    -0.00207936 
839    0.03792064 
840    0.01552064 
841    0.005120639999999999 
842    0.03472064 
843    -0.037279360000000004 
844    -0.00927936 
845    0.02832064 
846    -0.00847936 
847    0.01552064 
848    -0.00207936 
849    -0.00047936000000000007 
850    -0.042879360000000005 
851    0.00192064 
852    -0.029279359999999997 
853    0.01312064 
854    -0.00767936 
855    -0.014879360000000001 
856    -0.02847936 
857    -0.02767936 
858    -0.006879359999999999 
859    0.02272064 
860    0.03872064 
861    -0.00207936 
862    0.02192064 
863    -0.02847936 
864    -0.03247936 
865    -0.042879360000000005 
866    -0.01567936 
867    -0.00047936000000000007 
868    -0.01727936 
869    0.02912064 
870    -0.00207936 
871    0.004320640000000001 
872    0.005120639999999999 
873    0.00192064 
874    0.01712064 
875    0.041920639999999995 
876    -0.00047936000000000007 
877    0.04912064 
878    0.04672064 
879    0.030720640000000004 
880    -0.0036793600000000004 
881    -0.01807936 
882    0.02432064 
883    -0.03647936 
884    0.027520640000000002 
885    -0.047679360000000004 
886    -0.03807936 
887    -0.058079360000000003 
888    -0.058879360000000006 
889    -0.07087936 
890    -0.037279360000000004 
891    -0.045279360000000005 
892    -0.01247936 
893    -0.03887936 
894    0.019520640000000002 
895    -0.02607936 
896    0.01312064 
897    0.04592064 
898    0.04352064 
899    0.03792064 
900    0.01312064 
901    -0.02047936 
902    -0.022879359999999998 
903    0.02832064 
904    0.036320639999999994 
905    0.01552064 
906    0.012320639999999999 
907    -0.006079360000000001 
908    0.008320639999999999 
909    0.0027206399999999994 
910    -0.00527936 
911    0.036320639999999994 
912    0.014720639999999998 
913    -0.014879360000000001 
914    -0.014879360000000001 
915    -0.00207936 
916    -0.02607936 
917    0.02112064 
918    -0.00047936000000000007 
919    0.03792064 
920    0.01392064 
921    0.01392064 
922    0.05952064 
923    0.00352064 
924    -0.061279360000000005 
925    0.00192064 
926    -0.00927936 
927    0.01392064 
928    0.01872064 
929    0.02032064 
930    0.047520639999999996 
931    0.00032063999999999964 
932    0.00672064 
933    0.039520639999999996 
934    0.01312064 
935    0.02832064 
936    0.036320639999999994 
937    0.03792064 
938    0.01632064 
939    0.02512064 
940    0.01312064 
941    0.029920640000000002 
942    0.05472064 
943    -0.026879359999999998 
944    0.03872064 
945    -0.006079360000000001 
946    -0.00047936000000000007 
947    0.02432064 
948    0.031520639999999996 
949    0.036320639999999994 
950    0.04272064 
951    0.04352064 
952    0.05472064 
953    0.029920640000000002 
954    0.07552064 
955    0.01712064 
956    0.052320639999999995 
957    0.014720639999999998 
958    0.011520639999999999 
959    0.01872064 
960    -0.06607936 
961    -0.01327936 
962    -0.00207936 
963    -0.006079360000000001 
964    0.02672064 
965    -0.00767936 
966    -0.037279360000000004 
967    -0.03887936 
968    -0.00927936 
969    0.00672064 
970    0.005120639999999999 
971    0.02832064 
972    -0.00207936 
973    -0.02847936 
974    -0.042879360000000005 
975    -0.03407936 
976    -0.02607936 
977    -0.03647936 
978    -0.047679360000000004 
979    -0.00447936 
980    0.01312064 
981    0.04672064 
982    0.04832064 
983    -0.01167936 
984    -0.02047936 
985    -0.01647936 
986    -0.045279360000000005 
987    -0.02047936 
988    0.02112064 
989    0.00672064 
990    0.01312064 
991    0.06192064 
992    0.005120639999999999 
993    -0.01647936 
994    0.02112064 
995    0.02512064 
996    0.004320640000000001 
997    0.03312064 
998    0.01872064 
999    0.04032064 
