# 1000 
# time sd 
0.0    0.0    
1.0    1.0    
2.0    2.104    
3.0    3.06    
4.0    3.99    
5.0    5.02    
6.0    5.972    
7.0    6.936    
8.0    7.962    
9.0    8.956    
10.0    9.922    
11.0    10.956    
12.0    12.012    
13.0    12.856    
14.0    13.896    
15.0    14.924    
16.0    16.05    
17.0    17.068    
18.0    18.034    
19.0    19.12    
20.0    20.146    
21.0    21.232    
22.0    22.38    
23.0    23.3    
24.0    24.11    
25.0    25.484    
26.0    26.752    
27.0    28.152    
28.0    28.784    
29.0    29.872    
30.0    31.104    
31.0    32.352    
32.0    33.296    
33.0    34.568    
34.0    35.63    
35.0    36.704    
36.0    37.49    
37.0    38.476    
38.0    39.418    
39.0    40.312    
40.0    41.094    
41.0    42.54    
42.0    43.526    
43.0    44.292    
44.0    45.76    
45.0    46.644    
46.0    47.712    
47.0    49.188    
48.0    50.272    
49.0    51.24    
50.0    52.78    
51.0    53.868    
52.0    54.772    
53.0    55.908    
54.0    56.596    
55.0    57.252    
56.0    58.4    
57.0    59.576    
58.0    60.538    
59.0    61.956    
60.0    62.73    
61.0    64.028    
62.0    65.412    
63.0    66.456    
64.0    68.158    
65.0    68.6    
66.0    70.13    
67.0    70.62    
68.0    71.744    
69.0    73.22    
70.0    73.57    
71.0    75.156    
72.0    75.472    
73.0    76.872    
74.0    77.93    
75.0    79.32    
76.0    80.256    
77.0    81.352    
78.0    82.368    
79.0    83.464    
80.0    85.108    
81.0    86.956    
82.0    88.084    
83.0    89.232    
84.0    90.44    
85.0    90.8    
86.0    91.82    
87.0    93.352    
88.0    94.308    
89.0    96.068    
90.0    96.402    
91.0    97.112    
92.0    97.846    
93.0    99.272    
94.0    99.906    
95.0    100.884    
96.0    102.004    
97.0    103.284    
98.0    103.486    
99.0    104.132    
100.0    105.456    
101.0    105.616    
102.0    106.752    
103.0    107.88    
104.0    107.844    
105.0    109.056    
106.0    109.768    
107.0    109.564    
108.0    109.908    
109.0    110.52    
110.0    111.59    
111.0    112.036    
112.0    112.91    
113.0    113.808    
114.0    115.73    
115.0    116.94    
116.0    118.014    
117.0    119.34    
118.0    120.082    
119.0    121.032    
120.0    121.432    
121.0    122.408    
122.0    123.592    
123.0    124.008    
124.0    125.176    
125.0    126.792    
126.0    128.58    
127.0    128.928    
128.0    130.456    
129.0    131.928    
130.0    133.056    
131.0    134.572    
132.0    134.62    
133.0    135.652    
134.0    135.938    
135.0    137.132    
136.0    137.676    
137.0    138.832    
138.0    139.46    
139.0    140.88    
140.0    141.668    
141.0    141.348    
142.0    141.782    
143.0    142.936    
144.0    143.362    
145.0    144.608    
146.0    144.686    
147.0    145.616    
148.0    147.032    
149.0    148.104    
150.0    148.748    
151.0    150.032    
152.0    151.546    
153.0    153.196    
154.0    154.092    
155.0    155.776    
156.0    156.972    
157.0    157.244    
158.0    158.11    
159.0    159.94    
160.0    159.668    
161.0    161.736    
162.0    163.442    
163.0    163.32    
164.0    163.974    
165.0    165.9    
166.0    167.094    
167.0    168.236    
168.0    169.848    
169.0    170.18    
170.0    171.428    
171.0    173.096    
172.0    174.468    
173.0    175.08    
174.0    175.972    
175.0    176.752    
176.0    178.266    
177.0    178.696    
178.0    179.032    
179.0    180.336    
180.0    181.322    
181.0    182.172    
182.0    183.648    
183.0    184.404    
184.0    186.072    
185.0    186.496    
186.0    187.032    
187.0    188.348    
188.0    189.346    
189.0    190.788    
190.0    192.184    
191.0    192.58    
192.0    193.896    
193.0    194.944    
194.0    196.102    
195.0    197.56    
196.0    198.554    
197.0    198.856    
198.0    199.238    
199.0    199.56    
200.0    200.43    
201.0    201.376    
202.0    201.846    
203.0    204.088    
204.0    204.834    
205.0    206.036    
206.0    207.294    
207.0    208.572    
208.0    209.442    
209.0    210.604    
210.0    211.918    
211.0    212.624    
212.0    213.778    
213.0    214.52    
214.0    215.522    
215.0    216.796    
216.0    217.992    
217.0    219.376    
218.0    220.944    
219.0    222.436    
220.0    223.476    
221.0    224.672    
222.0    226.412    
223.0    227.564    
224.0    228.68    
225.0    228.868    
226.0    229.3    
227.0    230.096    
228.0    230.428    
229.0    230.328    
230.0    231.384    
231.0    232.476    
232.0    233.226    
233.0    235.544    
234.0    236.134    
235.0    236.58    
236.0    237.872    
237.0    239.372    
238.0    240.566    
239.0    241.972    
240.0    243.44    
241.0    244.3    
242.0    244.818    
243.0    246.14    
244.0    246.718    
245.0    247.38    
246.0    249.55    
247.0    249.612    
248.0    250.42    
249.0    252.044    
250.0    254.508    
251.0    255.772    
252.0    255.962    
253.0    256.616    
254.0    256.928    
255.0    257.28    
256.0    259.182    
257.0    259.436    
258.0    261.728    
259.0    262.816    
260.0    263.56    
261.0    264.416    
262.0    265.556    
263.0    266.816    
264.0    268.918    
265.0    270.84    
266.0    270.676    
267.0    272.132    
268.0    273.738    
269.0    274.644    
270.0    276.788    
271.0    277.856    
272.0    277.11    
273.0    277.988    
274.0    279.43    
275.0    281.26    
276.0    282.17    
277.0    283.428    
278.0    284.288    
279.0    285.468    
280.0    285.27    
281.0    287.112    
282.0    288.138    
283.0    290.656    
284.0    291.352    
285.0    289.796    
286.0    290.69    
287.0    293.024    
288.0    293.788    
289.0    295.548    
290.0    296.966    
291.0    297.016    
292.0    298.256    
293.0    298.688    
294.0    298.726    
295.0    300.32    
296.0    301.952    
297.0    303.072    
298.0    303.366    
299.0    304.884    
300.0    305.69    
301.0    307.776    
302.0    308.128    
303.0    310.212    
304.0    312.096    
305.0    313.976    
306.0    315.15    
307.0    317.176    
308.0    318.666    
309.0    319.528    
310.0    321.372    
311.0    322.452    
312.0    323.282    
313.0    323.312    
314.0    324.348    
315.0    324.448    
316.0    326.06    
317.0    328.188    
318.0    329.138    
319.0    329.788    
320.0    331.74    
321.0    333.88    
322.0    334.074    
323.0    336.136    
324.0    337.464    
325.0    337.584    
326.0    338.47    
327.0    340.132    
328.0    341.064    
329.0    342.576    
330.0    343.634    
331.0    344.104    
332.0    345.704    
333.0    346.66    
334.0    348.024    
335.0    347.32    
336.0    348.936    
337.0    349.296    
338.0    349.682    
339.0    350.388    
340.0    351.796    
341.0    353.192    
342.0    355.162    
343.0    357.288    
344.0    357.47    
345.0    357.096    
346.0    358.82    
347.0    358.212    
348.0    357.744    
349.0    357.188    
350.0    356.792    
351.0    357.096    
352.0    358.25    
353.0    358.84    
354.0    358.626    
355.0    358.42    
356.0    358.18    
357.0    358.86    
358.0    360.106    
359.0    362.58    
360.0    363.646    
361.0    363.624    
362.0    365.166    
363.0    365.824    
364.0    366.162    
365.0    367.248    
366.0    367.814    
367.0    368.472    
368.0    369.01    
369.0    370.548    
370.0    371.096    
371.0    371.016    
372.0    372.348    
373.0    372.76    
374.0    373.386    
375.0    374.368    
376.0    376.384    
377.0    378.332    
378.0    378.916    
379.0    380.544    
380.0    381.724    
381.0    383.3    
382.0    384.566    
383.0    385.84    
384.0    386.762    
385.0    388.872    
386.0    389.82    
387.0    390.756    
388.0    392.466    
389.0    394.58    
390.0    394.954    
391.0    396.04    
392.0    398.25    
393.0    399.952    
394.0    399.996    
395.0    399.204    
396.0    400.172    
397.0    401.316    
398.0    400.398    
399.0    401.412    
400.0    404.378    
401.0    403.876    
402.0    404.782    
403.0    406.856    
404.0    407.652    
405.0    407.324    
406.0    408.322    
407.0    409.588    
408.0    411.062    
409.0    411.744    
410.0    411.672    
411.0    411.516    
412.0    412.956    
413.0    412.604    
414.0    414.436    
415.0    416.38    
416.0    419.34    
417.0    420.468    
418.0    423.264    
419.0    423.248    
420.0    422.362    
421.0    423.676    
422.0    426.134    
423.0    426.392    
424.0    427.548    
425.0    427.748    
426.0    426.778    
427.0    427.776    
428.0    431.178    
429.0    433.932    
430.0    434.318    
431.0    435.08    
432.0    434.454    
433.0    435.352    
434.0    436.73    
435.0    435.848    
436.0    439.188    
437.0    441.224    
438.0    443.05    
439.0    444.02    
440.0    444.566    
441.0    445.164    
442.0    446.106    
443.0    447.7    
444.0    447.882    
445.0    447.94    
446.0    450.436    
447.0    451.956    
448.0    452.998    
449.0    455.364    
450.0    456.606    
451.0    458.992    
452.0    459.898    
453.0    461.8    
454.0    463.714    
455.0    466.832    
456.0    467.278    
457.0    468.036    
458.0    468.466    
459.0    469.784    
460.0    471.7    
461.0    472.78    
462.0    472.754    
463.0    474.42    
464.0    475.536    
465.0    477.316    
466.0    479.434    
467.0    478.772    
468.0    481.744    
469.0    483.036    
470.0    483.244    
471.0    486.26    
472.0    485.52    
473.0    486.092    
474.0    487.37    
475.0    488.66    
476.0    489.776    
477.0    490.592    
478.0    491.852    
479.0    494.18    
480.0    495.538    
481.0    496.416    
482.0    497.696    
483.0    497.4    
484.0    498.528    
485.0    500.064    
486.0    499.906    
487.0    501.7    
488.0    504.012    
489.0    505.152    
490.0    506.064    
491.0    507.952    
492.0    509.002    
493.0    510.604    
494.0    511.36    
495.0    511.5    
496.0    513.55    
497.0    513.62    
498.0    513.742    
499.0    515.66    
500.0    519.258    
501.0    519.74    
502.0    519.796    
503.0    520.992    
504.0    521.906    
505.0    523.948    
506.0    525.486    
507.0    526.768    
508.0    528.136    
509.0    530.016    
510.0    531.052    
511.0    530.48    
512.0    530.712    
513.0    532.04    
514.0    531.79    
515.0    532.44    
516.0    534.838    
517.0    535.0    
518.0    534.95    
519.0    535.904    
520.0    535.83    
521.0    536.56    
522.0    536.498    
523.0    537.42    
524.0    539.898    
525.0    540.868    
526.0    542.41    
527.0    542.536    
528.0    545.172    
529.0    546.532    
530.0    547.682    
531.0    546.984    
532.0    547.772    
533.0    549.716    
534.0    551.134    
535.0    552.312    
536.0    554.19    
537.0    555.888    
538.0    556.08    
539.0    555.084    
540.0    557.49    
541.0    559.372    
542.0    561.454    
543.0    562.088    
544.0    563.296    
545.0    564.14    
546.0    564.304    
547.0    567.516    
548.0    569.554    
549.0    571.004    
550.0    571.608    
551.0    572.544    
552.0    572.876    
553.0    572.124    
554.0    573.336    
555.0    573.936    
556.0    575.614    
557.0    578.444    
558.0    579.82    
559.0    580.272    
560.0    580.54    
561.0    580.772    
562.0    582.012    
563.0    584.504    
564.0    587.266    
565.0    589.76    
566.0    591.088    
567.0    592.98    
568.0    592.354    
569.0    592.136    
570.0    593.634    
571.0    596.788    
572.0    599.772    
573.0    600.688    
574.0    602.846    
575.0    603.336    
576.0    604.452    
577.0    604.812    
578.0    605.198    
579.0    606.928    
580.0    608.916    
581.0    611.164    
582.0    610.348    
583.0    609.808    
584.0    610.374    
585.0    611.668    
586.0    611.49    
587.0    613.0    
588.0    615.342    
589.0    617.1    
590.0    620.116    
591.0    622.928    
592.0    623.146    
593.0    624.18    
594.0    624.004    
595.0    626.732    
596.0    627.756    
597.0    629.884    
598.0    630.82    
599.0    629.648    
600.0    630.78    
601.0    630.864    
602.0    630.66    
603.0    631.208    
604.0    633.352    
605.0    632.688    
606.0    632.722    
607.0    633.652    
608.0    636.064    
609.0    634.268    
610.0    632.928    
611.0    634.404    
612.0    637.624    
613.0    636.532    
614.0    638.882    
615.0    639.996    
616.0    640.568    
617.0    640.924    
618.0    640.702    
619.0    643.516    
620.0    644.608    
621.0    645.244    
622.0    646.134    
623.0    645.708    
624.0    648.084    
625.0    649.132    
626.0    651.008    
627.0    650.756    
628.0    652.6    
629.0    653.316    
630.0    654.45    
631.0    653.548    
632.0    656.124    
633.0    655.196    
634.0    656.424    
635.0    658.276    
636.0    658.888    
637.0    661.388    
638.0    662.442    
639.0    664.036    
640.0    664.868    
641.0    665.672    
642.0    668.052    
643.0    667.996    
644.0    666.842    
645.0    669.82    
646.0    669.654    
647.0    668.828    
648.0    670.428    
649.0    672.888    
650.0    674.148    
651.0    673.276    
652.0    672.34    
653.0    674.74    
654.0    675.192    
655.0    677.372    
656.0    679.656    
657.0    682.316    
658.0    682.686    
659.0    684.58    
660.0    686.078    
661.0    686.2    
662.0    688.528    
663.0    689.02    
664.0    690.406    
665.0    692.132    
666.0    691.362    
667.0    691.788    
668.0    693.99    
669.0    693.36    
670.0    691.572    
671.0    695.204    
672.0    695.476    
673.0    698.5    
674.0    700.678    
675.0    701.396    
676.0    702.686    
677.0    702.776    
678.0    703.562    
679.0    705.348    
680.0    707.022    
681.0    705.716    
682.0    708.136    
683.0    709.528    
684.0    709.274    
685.0    710.404    
686.0    710.068    
687.0    710.532    
688.0    712.032    
689.0    713.712    
690.0    714.016    
691.0    713.192    
692.0    712.448    
693.0    711.944    
694.0    713.426    
695.0    713.208    
696.0    712.436    
697.0    712.628    
698.0    714.142    
699.0    714.104    
700.0    716.19    
701.0    718.468    
702.0    718.92    
703.0    720.292    
704.0    722.378    
705.0    723.888    
706.0    726.028    
707.0    727.232    
708.0    729.35    
709.0    730.024    
710.0    731.212    
711.0    732.608    
712.0    735.022    
713.0    735.972    
714.0    735.7    
715.0    736.356    
716.0    737.014    
717.0    738.204    
718.0    738.372    
719.0    737.8    
720.0    739.636    
721.0    740.28    
722.0    739.92    
723.0    740.612    
724.0    742.968    
725.0    743.94    
726.0    746.576    
727.0    748.296    
728.0    749.984    
729.0    751.024    
730.0    749.602    
731.0    751.124    
732.0    752.194    
733.0    753.68    
734.0    754.934    
735.0    756.052    
736.0    753.898    
737.0    757.1    
738.0    759.216    
739.0    759.68    
740.0    760.398    
741.0    761.04    
742.0    761.494    
743.0    761.204    
744.0    762.182    
745.0    766.532    
746.0    769.098    
747.0    769.896    
748.0    770.266    
749.0    768.26    
750.0    771.548    
751.0    772.12    
752.0    772.48    
753.0    772.66    
754.0    773.714    
755.0    774.532    
756.0    775.366    
757.0    776.852    
758.0    778.79    
759.0    780.36    
760.0    779.042    
761.0    778.848    
762.0    778.396    
763.0    778.184    
764.0    779.48    
765.0    780.292    
766.0    781.946    
767.0    781.848    
768.0    783.03    
769.0    785.384    
770.0    786.642    
771.0    787.532    
772.0    787.41    
773.0    787.972    
774.0    788.718    
775.0    790.552    
776.0    792.956    
777.0    792.796    
778.0    794.858    
779.0    796.648    
780.0    796.894    
781.0    796.776    
782.0    798.06    
783.0    798.916    
784.0    800.172    
785.0    801.72    
786.0    803.43    
787.0    802.86    
788.0    805.36    
789.0    806.568    
790.0    807.648    
791.0    808.78    
792.0    809.462    
793.0    809.12    
794.0    812.122    
795.0    813.436    
796.0    812.566    
797.0    812.424    
798.0    812.684    
799.0    814.076    
800.0    813.582    
801.0    814.732    
802.0    815.314    
803.0    818.592    
804.0    819.472    
805.0    820.272    
806.0    822.494    
807.0    823.6    
808.0    824.692    
809.0    826.352    
810.0    828.034    
811.0    827.812    
812.0    828.102    
813.0    829.272    
814.0    828.64    
815.0    829.632    
816.0    830.834    
817.0    831.86    
818.0    832.414    
819.0    835.064    
820.0    835.38    
821.0    836.144    
822.0    836.782    
823.0    837.768    
824.0    838.742    
825.0    837.704    
826.0    839.504    
827.0    840.044    
828.0    841.214    
829.0    840.692    
830.0    842.468    
831.0    843.732    
832.0    844.416    
833.0    844.444    
834.0    844.358    
835.0    843.76    
836.0    842.824    
837.0    842.82    
838.0    844.236    
839.0    845.7    
840.0    847.582    
841.0    847.376    
842.0    848.298    
843.0    847.572    
844.0    848.596    
845.0    849.544    
846.0    852.58    
847.0    852.86    
848.0    853.996    
849.0    857.748    
850.0    860.488    
851.0    861.012    
852.0    861.75    
853.0    864.796    
854.0    864.39    
855.0    864.436    
856.0    862.854    
857.0    863.304    
858.0    863.934    
859.0    865.256    
860.0    864.836    
861.0    867.356    
862.0    868.89    
863.0    870.304    
864.0    870.072    
865.0    869.56    
866.0    870.846    
867.0    872.58    
868.0    871.752    
869.0    872.408    
870.0    873.03    
871.0    874.732    
872.0    877.544    
873.0    877.496    
874.0    878.012    
875.0    879.616    
876.0    880.302    
877.0    884.84    
878.0    885.408    
879.0    884.792    
880.0    884.806    
881.0    884.812    
882.0    887.628    
883.0    888.388    
884.0    887.936    
885.0    889.816    
886.0    890.984    
887.0    890.924    
888.0    892.24    
889.0    894.26    
890.0    898.556    
891.0    896.752    
892.0    897.522    
893.0    898.556    
894.0    899.492    
895.0    902.416    
896.0    903.676    
897.0    905.584    
898.0    907.15    
899.0    908.632    
900.0    910.022    
901.0    912.492    
902.0    913.456    
903.0    912.768    
904.0    912.654    
905.0    914.604    
906.0    914.016    
907.0    914.72    
908.0    916.418    
909.0    918.504    
910.0    921.4    
911.0    922.956    
912.0    922.934    
913.0    923.3    
914.0    924.672    
915.0    926.26    
916.0    926.226    
917.0    927.908    
918.0    929.204    
919.0    930.536    
920.0    933.326    
921.0    933.48    
922.0    935.05    
923.0    937.5    
924.0    939.976    
925.0    941.184    
926.0    942.454    
927.0    944.5    
928.0    944.05    
929.0    945.504    
930.0    946.736    
931.0    945.724    
932.0    946.83    
933.0    947.776    
934.0    950.736    
935.0    951.592    
936.0    954.516    
937.0    957.348    
938.0    955.514    
939.0    955.108    
940.0    956.756    
941.0    957.188    
942.0    958.52    
943.0    957.08    
944.0    957.644    
945.0    961.692    
946.0    962.47    
947.0    962.46    
948.0    966.104    
949.0    965.224    
950.0    965.5    
951.0    968.224    
952.0    972.25    
953.0    972.2    
954.0    972.576    
955.0    973.512    
956.0    973.54    
957.0    973.024    
958.0    975.084    
959.0    977.656    
960.0    978.336    
961.0    980.472    
962.0    981.834    
963.0    984.676    
964.0    985.538    
965.0    989.016    
966.0    990.98    
967.0    994.076    
968.0    992.462    
969.0    994.86    
970.0    995.352    
971.0    993.488    
972.0    994.516    
973.0    993.964    
974.0    994.862    
975.0    995.336    
976.0    997.882    
977.0    996.492    
978.0    997.1    
979.0    999.54    
980.0    997.704    
981.0    1000.228    
982.0    1000.69    
983.0    1001.308    
984.0    1004.542    
985.0    1007.644    
986.0    1006.45    
987.0    1007.44    
988.0    1008.494    
989.0    1010.412    
990.0    1010.562    
991.0    1011.484    
992.0    1011.146    
993.0    1011.84    
994.0    1011.994    
995.0    1011.852    
996.0    1012.864    
997.0    1013.984    
998.0    1014.774    
999.0    1015.192    
